380 1 -3135 30 30 30
3           -10.071302692513528      
15          -3080.1846422837848      
12          -1598.2323512387459      
11          -1532.1224445611242      
6           -399.92638646259792      
5           -67.920756916836382      
4           -315.79962792906389      
6           -575.27109382047058      
7           -392.49128144493784      
11          -931.97188959290452      
8           -798.96785195120731      
14          -3821.5614721815487      
17          -3069.1762578063563      
16          -3250.1973876543384      
11          -1117.6095002022798      
17          -3938.9501528284368      
10          -1385.379430330154       
9           -895.47596521894718      
10          -1449.5544078221219      
11          -2280.1283053539428      
14          -1803.4182376835383      
16          -3888.8163323208087      
10          -1222.4017078464672      
7           -95.589483811751649      
5           -483.48704865178024      
9           -395.01000125386327      
8           -850.69808266772793      
9           -655.24919554722408      
11          -679.20675247932752      
14          -3283.8661965157239      
15          -3270.9306074393562      
7           -444.38751060815036      
20          -5495.9288928985725      
9           -955.96086424049702      
15          -3289.7772428623198      
8           -530.88346093002838      
13          -3427.6249991190816      
9           -1542.0874331376694      
8           -398.59491203899358      
11          -1136.2832935962736      
7           -486.28223835914162      
11          -1473.0055124263029      
12          -2158.3842071389618      
13          -2363.9935710586033      
13          -1078.8013315963717      
11          -1612.5708410721165      
3           -10.071302692517017      
15          -2408.0280208281429      
3           -10.07130269251765       
6           -244.32610359773696      
10          -1646.4987825087537      
12          -1181.1411595368486      
13          -1497.7873752770945      
6           -1543.6207782033773      
7           -275.42164575030785      
6           -69.405346337551862      
15          -3045.8697157250003      
11          -1430.7913991242463      
10          -2225.7008522861365      
6           -1001.4111931917041      
13          -2182.6831483806168      
13          -1898.4132450338789      
8           -580.13281101012433      
11          -2504.7096790928554      
13          -3378.5328142665953      
16          -4660.2478623565039      
4           -66.9195297301534        
11          -1391.8189334492538      
12          -2171.4262947991456      
12          -1945.1140607996367      
21          -5120.4247375605755      
6           -444.11338677485526      
15          -3744.9428016135025      
11          -1783.3820742540954      
8           -532.13654535567832      
6           -723.76647682737894      
7           -701.61491900650594      
9           -2979.5717055042669      
11          -1736.7843640911599      
8           -863.35953922382384      
8           -1350.4371745670935      
12          -2399.0116185169522      
11          -2111.1618952383624      
6           -199.46977859424373      
12          -2140.9484350999278      
4           -531.49617893279037      
6           -707.08487772381875      
8           -1423.0052592852389      
8           -271.69842313717493      
12          -1797.3948163874152      
13          -2056.6328947398001      
14          -2253.237657766254       
11          -1422.6013271466049      
13          -1720.4209718574823      
7           -1302.1211387480662      
10          -1073.6960590377589      
12          -1751.9311738858805      
16          -3320.6331185199947      
12          -995.18804288897582      
18          -4906.6060950629981      
10          -1698.02964546664        
11          -927.86889751236322      
13          -3238.1325278345239      
9           -1002.5134649332131      
11          -1345.8766814845069      
13          -2773.0481907639428      
10          -531.011964149292        
5           -277.5181432461676       
11          -2397.3503067413048      
9           -914.78261470344967      
3           -11.297575903753302      
14          -3100.6199933679663      
10          -1539.5190600721862      
11          -613.03462910163967      
10          -3147.2857828280085      
17          -2300.477576839523       
10          -1319.5569478039924      
10          -899.01695557335574      
7           -350.84878089334205      
9           -277.29555828541345      
10          -915.96091199870375      
8           -236.13630607226617      
12          -2112.179701944121       
15          -3000.03363971095        
10          -1209.3378640807057      
8           -634.17796688307362      
5           -80.79770617617686       
16          -4436.1392261068813      
2           -54.712563186468707      
11          -1370.4521044153673      
8           -534.36813381837896      
10          -2034.0393056085986      
8           -675.69525960638725      
6           -889.75197995945462      
8           -503.97814683325294      
15          -1608.3306848420791      
11          -1876.8296708780233      
13          -1556.1341129901216      
14          -1614.7794979220332      
5           -839.2029461633133       
8           -984.82289823863687      
9           -1019.9891658347365      
9           -1461.6700354728218      
9           -753.89786997101942      
4           -17.904538120027048      
5           -524.78613541010134      
9           -948.62079923329929      
17          -5151.6485915442208      
17          -4803.3716655823355      
19          -4498.6601132712776      
7           -942.80269277500963      
6           -149.94388879187835      
16          -4168.2042619196773      
10          -1222.8929667299026      
13          -1690.9199281680319      
9           -1521.198199187789       
8           -1232.3205969262181      
3           -10.0713026925148        
10          -1308.2610053951446      
19          -4663.0482803538289      
13          -1469.1922497614362      
17          -3741.4186106840175      
10          -1151.5818800340976      
6           -188.05642674596248      
9           -665.0962929225982       
14          -4290.4665041682874      
15          -2510.0034332238965      
9           -1567.5299763857274      
9           -1348.712240039732       
11          -1306.012761842469       
7           -480.88995692873289      
16          -3687.9033790589683      
19          -6524.4253445080521      
10          -2222.0087729077218      
12          -3635.7098943654905      
11          -1644.6462509234232      
5           -148.71544263838018      
9           -581.41869492508613      
8           -1359.1437893385657      
16          -3581.274170353558       
11          -1571.2197570397223      
8           -1418.2632926476358      
8           -856.57371277681546      
11          -2710.0321526312782      
9           -1769.9307818782599      
8           -661.171352865328        
8           -542.14966991441111      
10          -1882.6576115679081      
15          -3494.2405564703367      
11          -1167.8825001292696      
9           -339.40187880991374      
14          -2069.0971403071899      
12          -3202.4102437489469      
20          -6179.940381688727       
15          -4737.1885521369031      
18          -4535.7061485053891      
13          -2004.0826114805375      
3           -10.071302692495843      
8           -718.43930099219097      
13          -4304.7926900058092      
18          -3375.9996317078239      
5           -293.75184420651607      
15          -3411.2966431641207      
16          -2955.095644176638       
7           -810.77118833776876      
15          -1896.1377328103442      
18          -3544.7958369302974      
8           -1265.2376096863716      
9           -1260.4323707595249      
5           -402.33220623189686      
17          -3802.4253303014616      
16          -3322.6526356876352      
9           -2091.3281053822079      
8           -1405.137064660122       
12          -777.21488227860505      
17          -3194.9967385813607      
18          -3613.982063344788       
13          -1933.1318015620652      
11          -1456.0054599647049      
19          -4988.2579280782129      
12          -1580.3459319263709      
3           -120.97497930260043      
8           -1222.8775885071534      
3           -33.049583022755662      
9           -1102.4539917884897      
12          -1956.4365069304126      
17          -5379.2794989303711      
6           -280.85208582814761      
9           -159.77329206870803      
8           -930.91544140083408      
9           -1001.9194640713843      
11          -2473.2057486508738      
13          -2396.7766334210924      
15          -1956.3810481159053      
6           -630.87164744793972      
8           -404.21148846364855      
10          -1098.3941886040325      
10          -877.17644398980019      
10          -1315.1712102381039      
3           -37.546729860602397      
13          -2327.8562357218821      
11          -1678.6776418737375      
7           -693.55862064978464      
13          -1953.9529559380212      
16          -4116.2645248216204      
11          -1971.6647853106927      
5           -62.449229217906669      
17          -2883.2387553219564      
14          -3650.4671304329327      
10          -786.53671683404184      
15          -2306.4786065914031      
18          -2946.1204720799237      
15          -2336.6081613082151      
5           -63.890444636512612      
18          -4537.5891146945096      
7           -878.26631868269476      
17          -3429.9638241810576      
10          -1960.2670707249531      
15          -4979.3432124024012      
8           -867.34073148127777      
9           -672.07432099324228      
5           -322.67716669823011      
10          -412.02365355628547      
9           -956.38301525486713      
19          -5077.1813286548349      
12          -1306.213051749713       
14          -2403.3139673539563      
8           -594.24867398379718      
10          -1502.6940012456193      
9           -2053.5097335552941      
9           -950.33249635080404      
6           -565.71439421803905      
10          -890.32345299154076      
9           -716.22777573217957      
20          -4950.6171087163048      
12          -1680.6062615407616      
12          -2914.8206590133368      
13          -2435.7353051825303      
7           -562.76433439294976      
15          -4586.884400378698       
12          -1919.3087589408201      
13          -1191.6644084131444      
7           -29.541780326549556      
8           -160.07736226530773      
5           317.27387092562435       
6           -633.03200183280467      
9           -1983.1053750641511      
5           -454.59705762724712      
7           -1210.5124992568599      
10          -1489.550892833417       
13          -2377.1021466690063      
16          -3289.7947696764127      
13          -3344.4422431414569      
1           -1.1190336325016594      
7           -345.54826494837215      
10          -1374.3770299037333      
6           -713.29502346625907      
13          -1594.9887239374691      
3           -10.071302692506752      
18          -5139.9296610746205      
7           -976.89442782710705      
13          -3862.0236365398287      
11          -2129.7981740912478      
9           -1176.3116274903043      
9           -1244.9431995885784      
4           -249.1197889392671       
17          -2653.9718011622372      
14          -1418.1277552290169      
13          -2497.731245334599       
9           -840.93962164347033      
8           -339.20950568179961      
15          -2421.4831710915655      
13          -2802.1585192404823      
11          -1283.3581719638034      
20          -7086.5843535398881      
8           -488.1213583576673       
9           -870.39312180533818      
8           -657.42427313037285      
8           -1145.487664965103       
13          -1429.9062769498446      
5           -52.35641935299769       
17          -3525.1122090086988      
4           -339.65290114627447      
9           -2368.0423891801261      
5           -46.452127813507971      
8           -218.08566929513751      
7           -1526.7440683308437      
14          -2036.9430827699357      
13          -2037.8586055383234      
9           -625.24473677892593      
9           -886.77808268130775      
12          -1469.7271235539415      
15          -2190.0241480308027      
8           -381.04099823211277      
13          -2513.5739548870274      
8           -754.32068985110334      
7           -494.69586193298454      
9           -1439.6882383371201      
8           -161.42506194309874      
8           -744.55360381958678      
10          -1306.3931978320879      
5           -193.08908685059384      
7           -419.09529021715912      
11          -2261.0722925893601      
9           -756.51443012127686      
4           -306.52326775577825      
5           -524.12369669509417      
11          -1948.0752588893113      
11          -1173.9324035422089      
9           -631.0801910093187       
12          -1069.0422421557273      
9           -1721.368832040386       
11          -882.51382834392518      
9           -860.87483959242775      
17          -3881.1887202219359      
10          -1664.2110672249107      
8           -1094.9749258614638      
11          -1703.3201117027695      
12          -1988.7965864557914      
5           -592.85794830381906      
8           -1092.1171802278816      
10          -2444.4678853860823      
8           -789.03246881163011      
8           -520.14409419622507      
6           -724.377357553857        
7           -135.36106985873488      
9           -927.92558924567243      
11          -1457.6476168115712      
13          -2223.267660116418       
8           139.35481346961643       
8           -366.19119448773398      
3           -15.19711424910464       
13          -2256.6109562346701      
8           -964.76573555302457      
17          -3219.6473874919475      
12          -1834.092641396403       
23          -6498.9219482114586      
8           -506.08699467081914      
7           -982.75517597062526      
10          -1639.5668383016084      
9           -1416.84304921442        
10          -1309.6527919216205      
13          -3073.4281961012475      
11          -3819.0582436153641      
9           -1663.5147821186606      
7           -477.32790710143394      
9           -687.23380011854272      
10          -1269.1033269721138      
10          -1648.8491698161677      
9           -738.16818031539219      
8           -404.32086692557584      
11          -774.97457576129204      
14          -2899.3501491904285      
20          -5147.6440934192578      
8           -304.90187225682087      
8           -1806.3710264861766      
5           -466.00165001829004      
14          -1885.491782700301       
15          -3438.6916975336871      
16          -2768.6127148515352      
10          -1066.416956305113       
8           -219.126450791313        
15          -2299.7865440975315      
14          -2388.9042032767993      
15          -3971.1878515493986      
6           -82.228020049849306      
4           -529.49530365335841      
12          -1759.6682337006289      
9           -640.85527057515219      
8           -2055.381269224411       
5           -183.01271041030077      
6           -91.621542506166293      
15          -2700.9256963415742      
15          -2072.5565673933916      
12          -2796.6311935727908      
3           -636.68189411295066      
14          -2334.1425554437715      
11          -1220.8550601995871      
14          -1743.0018440473314      
6           -2732.5434299662393      
12          -3986.5702891659967      
6           -728.56787484425831      
14          -2931.0498440539645      
12          -2287.1422557982382      
5           -273.18249140463536      
9           -1313.2534811596272      
12          -1372.7047012323364      
6           -110.7490368720005       
5           -269.03928410787         
15          -2738.6269856901658      
16          -2018.8333552493518      
3           -339.71887951299959      
15          -3131.1875231740464      
11          -2265.3431960447656      
8           -266.49083726569455      
10          -747.1781571274322       
13          -2507.2577378701944      
9           -418.16147048404537      
8           -364.24244798088597      
16          -2541.7242524005142      
8           -866.35448360337477      
12          -2439.2636872045105      
8           -926.7882445557965       
2           -74.40011616079137       
9           -1322.3850113395401      
13          -2577.5241464993705      
15          -4616.9430510222055      
17          -4404.9227194809737      
12          -1833.7260138584834      
10          -869.90510241687161      
14          -1372.0166760995335      
17          -4519.9358554596865      
7           -367.66770157127456      
10          -629.42358495630742      
14          -2314.8056383756152      
14          -3518.6645720387623      
14          -2724.4745142811071      
14          -2991.163398688183       
7           -398.82434808197092      
8           -636.98477433989956      
13          -1641.6624787904921      
10          -1305.6370403852693      
5           -575.46659294579626      
11          -1525.1992884665349      
14          -1577.9853416989336      
7           -1026.6018602417228      
8           -1392.2782045559234      
12          -1742.0671292940369      
11          -1563.7879725672424      
16          -3530.9651350749541      
13          -1791.3300913399733      
11          -1764.1748096451452      
11          -2176.950039916263       
15          -3158.4549884377184      
9           -993.44432158009374      
9           -216.15257157958484      
9           -1329.343437802444       
12          -832.28291221266431      
7           -276.70636553909708      
12          -1779.0031029663451      
12          -852.77002251387671      
14          -2751.8668454639042      
7           -565.42516120210053      
10          -732.45990036058379      
5           -477.68870095878924      
20          -5051.3330402928541      
7           -560.60332343715436      
11          -971.76422151660847      
13          -1034.6771541960297      
12          -1919.2420981152322      
24          -9010.6793109703503      
12          -1006.3737002873827      
22          -6180.7465373340592      
15          -1849.1961174402472      
8           -816.15621658976318      
19          -4943.5382186443558      
9           -1424.6749164929647      
14          -3263.396885788723       
14          -3621.8026367312023      
14          -2436.5495295210894      
16          -2734.3913481363938      
7           -545.54872179319614      
13          -1397.0499428820829      
11          -1158.4267688253221      
11          -1713.9967967065068      
7           -1431.5515390975281      
7           -443.68258829264147      
8           -801.24489627002674      
13          -1239.7773007014448      
10          -777.60135750930408      
13          -1640.2059317909145      
5           -57.330657742899724      
8           -1328.394514206607       
4           -512.47959388497623      
3           -49.490358210734179      
10          -1471.4815806423528      
10          -1178.1983715544206      
6           -490.48485507170807      
15          -1891.5111551280179      
9           -1409.1417536875615      
13          -1568.2409399612893      
5           -306.02043899308649      
4           -28.06857471270823       
16          -2389.4943891428406      
6           -63.263657585267083      
14          -2578.6881031142975      
12          -1915.3902018706729      
10          -1785.3107885169331      
15          -2434.9506084065147      
12          -1146.3859739967372      
14          -1445.9573549166685      
7           -1006.3163284493957      
17          -2737.8115679105445      
10          -1349.693074911459       
21          -5076.8780294174694      
23          -5556.2536143166435      
16          -4886.8878021326582      
10          -1276.9462649364175      
9           -1452.1149023219332      
10          -630.82088606840341      
13          -3118.6030806885569      
16          -3122.141422529955       
5           -207.06346465597045      
6           -583.09359980846398      
12          -1009.0605518277686      
3           -13.075278176800651      
6           -1244.1086803495709      
13          -2167.992090601218       
8           -199.84752017326787      
18          -5928.6668938685298      
9           -428.18426096920234      
11          -1878.5275907350251      
14          -3830.0752263655108      
9           -503.11737662977151      
8           -1537.2568183784308      
12          -1466.9802423072874      
8           -709.14119401490336      
8           -618.47001629897215      
8           -875.09277932920872      
10          -2063.2487462048252      
3           -33.451898858037531      
6           -2167.4150724099363      
12          -1425.5503979365901      
14          -2885.0576683402046      
15          -2654.1465067063864      
17          -3329.5608817675602      
12          -2607.5506234224995      
5           -49.539502479598703      
7           -163.3323634665486       
5           -291.12965886532612      
7           -1419.4504864514327      
13          -1391.723909914557       
14          -1705.0127021786761      
8           -1291.6481285813759      
9           -922.05315157025871      
6           -520.57778250858792      
3           -10.071302692514921      
3           -250.55599940479368      
6           -303.38538775748304      
13          -2090.1243276585428      
15          -3811.4544177552052      
9           -883.57676108329122      
6           -369.48925381205021      
13          -2708.4376817151333      
7           -595.00300161490952      
8           -1193.1420753041482      
8           -488.53109042585561      
6           -130.53513452570249      
12          -1367.683039256802       
8           -1367.9385514711585      
9           -1029.2159049694283      
7           -335.5768383059563       
8           -1536.4572844251181      
11          -2075.0751571777041      
15          -2679.0897266694833      
8           -461.12487807924254      
10          -2218.4787411244565      
10          -1313.5147645806649      
10          -850.64377752169844      
9           -825.99905908071014      
12          -1538.2974477953417      
11          -1473.4194058540327      
6           -199.22664998732091      
8           -397.44458522366801      
9           -759.22411982816789      
6           -54.848155578969561      
7           -248.44052231800157      
8           -1508.5993160405026      
4           -177.68151445114719      
3           -10.071302692514934      
6           -1300.0362111640598      
10          -699.54893859158665      
13          -1937.0050276344662      
12          -2429.9065657293995      
17          -2823.8007143982322      
6           -408.64830827408582      
16          -5245.6674849885139      
13          -1391.8518353922707      
15          -1859.1969652907558      
10          -2106.5560699729817      
13          -2221.0902118591666      
9           -1486.6535880237218      
14          -2780.928908337607       
13          -2845.6357197206121      
14          -5239.8379151793606      
7           -280.56019656758019      
7           -388.58434529147092      
15          -2046.4252532732301      
13          -1990.2563551181615      
6           -757.92522586963855      
12          -1367.4909205783101      
17          -4404.0903697257754      
8           -730.09509857034072      
15          -2805.3343666081337      
10          -1087.1864376929077      
9           -1070.6528553894327      
7           -1142.1742229432914      
9           -508.4503909857346       
21          -5188.1878982923872      
19          -5516.6593080317834      
8           -504.89262207321485      
4           -650.67202892025557      
12          -2223.1347958102447      
17          -3129.9890792243687      
5           -52.09690980293432       
4           -211.79244910563392      
14          -2185.1843910381526      
15          -2574.0886403324284      
21          -8097.6603159406795      
10          -2037.7245420046763      
7           -119.80330791648372      
5           -303.1384444920505       
8           -1197.5992422606239      
12          -1283.7545563639947      
11          -1403.5556295249921      
4           -19.162184463197953      
15          -2912.9559908315055      
10          -1429.3637306049809      
14          -4152.9596638124176      
11          -2856.3258655428172      
6           -13.925896417516         
12          -1818.3866591549865      
3           -18.945421417675064      
7           -255.41329010168687      
8           -1187.7351458623436      
16          -2860.2178079157952      
18          -5571.2914136756144      
8           -1065.7415522590302      
5           -54.189037688519747      
9           -692.53359210689177      
13          -2271.5168937951044      
4           -20.431062275332543      
4           -75.2860339412982        
12          -2032.5144529361085      
14          -3579.7150633990445      
13          -3513.4057741237029      
8           -692.38091533232353      
12          -2436.239931111958       
8           -2177.8750884926199      
14          -4964.8587248443027      
20          -3483.3308796261081      
20          -4574.265876176758       
7           -648.84882497230319      
8           -501.43011636018934      
3           -10.071302692517138      
7           -671.79626968382536      
4           -82.160068406308937      
7           -423.4365939912467       
8           -559.20499235675607      
7           -246.13726328245446      
6           -231.24001174508254      
6           -307.84291407208224      
9           -911.91474028186678      
8           -1343.0673409990059      
8           -1351.0836391761852      
7           -98.969390325021138      
11          -968.92216732171312      
10          -1103.1753080857211      
13          -2386.6533097752863      
6           -199.86723541981675      
11          -1429.7011115926862      
8           -2201.463390412785       
10          -2042.6411367850174      
11          -377.21741610927467      
4           -54.116232740110846      
3           -13.239445121502976      
11          -2346.4804645305949      
13          -1364.3078183713587      
9           -1445.2407727340692      
3           -10.071302692509997      
12          -1375.3631880720006      
9           -1794.2887449542698      
7           -572.47421979178637      
14          -5062.0821014236299      
17          -4586.7880792532033      
14          -2698.1360350606546      
14          -1462.8859676780939      
10          -2971.5468937345745      
5           -271.6415586197424       
13          -2344.5299595255929      
12          -3064.1553244188349      
10          -1278.1825219221482      
11          -1665.632439913496       
10          -1025.0307997194363      
14          -1540.2118472360798      
11          -1175.7205305834359      
7           -301.02999593112133      
5           -456.04730266886344      
9           -1106.8771352155277      
10          -845.82046560597257      
9           -1146.8601717267845      
10          -1949.1454149938115      
16          -4973.2175675287253      
11          -1425.2754430140249      
15          -2699.2083287667365      
13          -2264.9646168025583      
19          -4324.0704388410122      
7           -937.5613159060639       
6           -214.28575836507014      
11          -2210.1060661782394      
9           -401.43579144032992      
13          -3054.6858221128668      
13          -1975.8326066188365      
6           -161.41162700002391      
7           -1308.5560489575871      
7           -386.88977213136485      
15          -2433.1636796150597      
17          -3673.4343091956675      
14          -2413.6465866284066      
9           -1266.3086479815663      
9           -1128.1159659624116      
3           -10.071302692513443      
7           -316.24525695811701      
11          -1788.0711570625667      
17          -3367.4660769046404      
6           -515.95828647193207      
9           -926.29640379866328      
12          -1040.194182357553       
19          -7416.6285152733908      
16          -3090.2108903390449      
10          -421.10421165988362      
17          -3054.9413644362485      
6           -191.94222061252043      
13          -2063.429947544525       
16          -4285.8571723613659      
14          -1173.2210969816983      
7           -1122.5979006673208      
4           -23.657182437222865      
16          -1443.3951859638873      
21          -5625.7449619459403      
9           -859.75058362708774      
9           -908.97505063855465      
9           -704.93178878817741      
14          -3141.2004010990277      
11          -1595.2697343426025      
8           -545.4547498698164       
9           -1621.4659459545971      
13          -1370.6788372896817      
6           -262.34698885931846      
12          -856.14548668423743      
8           -1106.0507688308285      
10          -1211.6139750303696      
14          -2269.9997329211801      
19          -4685.1976522194955      
8           -1472.0772289378638      
15          -3055.9941600139832      
14          -2478.6530848081024      
10          -1407.4978944643433      
9           -795.93457603530874      
6           -893.25147954028182      
12          -1825.8014761711627      
19          -5082.6369020191305      
12          -3565.2634019661082      
11          -375.20882064637533      
4           -24.084276020109563      
14          -1560.4349801161234      
11          -2277.7154119760021      
5           -265.91977265898095      
6           -353.59210671689374      
7           -316.53982107476719      
13          -3851.6650416733978      
18          -3739.9753910188501      
8           -1354.9218223608598      
10          -711.80725956638378      
7           -797.89143500441378      
8           -166.49376409094435      
4           -22.456921580419511      
7           -392.72554387936998      
12          -2305.6234076921892      
12          -2184.7432353690883      
17          -5139.9458365439177      
12          -2678.1472097151577      
13          -2154.8023645721746      
7           -1459.7225650858568      
6           -403.9103420581506       
12          -2528.6556128070079      
14          -2767.5129127538939      
10          -1388.3127562777195      
11          -1488.0357971324429      
14          -4070.2352214666198      
13          -1791.0123246673818      
8           -875.01458578223435      
7           -637.29791325903761      
18          -3047.4614785461226      
13          -2722.5230112217232      
5           -34.18213767872755       
3           -343.81643296395197      
11          -2097.3031642381034      
15          -2127.4415055772233      
9           -1561.9935036013294      
14          -4397.9103184168471      
12          -2272.814373684942       
14          -2341.3767146838677      
11          -1238.7172801852919      
10          -1584.6746430048911      
12          -1541.4095198377154      
10          -1953.8024731195737      
20          -4887.1322852904004      
8           -1204.7344382155818      
9           -604.75611696945305      
12          -1807.4244901502029      
7           -616.69182802320381      
14          -3169.5626918996268      
11          -2026.2622110079953      
10          -1446.9238672809417      
8           -1493.505868620535       
14          -4115.5643829484234      
24          -6428.5052723522122      
8           -1156.7662296284955      
9           -786.94038109055623      
8           -609.1265846263293       
10          -558.52967850501057      
11          -1092.1451004771066      
8           -1290.4371830837129      
5           -150.88514844661128      
12          -1520.9076516313635      
7           -976.60730943910664      
5           -537.28074064559235      
16          -3688.3055478125989      
16          -4834.2009360569809      
14          -2972.0170310153771      
13          -2370.5479839642853      
12          -2944.654788834097       
11          -1546.9267623166036      
12          -1645.38775803202        
16          -4376.0147653303184      
10          -1721.5705850891827      
9           -1204.2953651943526      
8           -681.10228833978329      
9           -1000.4617028780265      
4           -416.21906072769525      
16          -3026.3867040175851      
4           -30.850400360280315      
9           -619.99849175926693      
12          -760.47949803005292      
10          -1940.9057511973192      
6           -362.77687800520209      
14          -2090.1261312956804      
7           -1439.3499755764985      
9           -1528.1682694099541      
13          -2179.3336825851411      
9           -694.02591362411772      
5           -274.70982321393342      
9           -609.87082412803613      
6           -1395.7895305631268      
8           -339.49141737338135      
9           -605.94617736869691      
11          -2114.3241962750062      
11          -1958.4908668159546      
18          -3477.7142875190566      
8           -442.60620277361068      
9           -541.29589288656257      
17          -2291.2124472446417      
19          -3915.8711632534687      
12          -2418.6053725989022      
8           -116.384247105619        
13          -2212.6633534744196      
13          -2142.6891097523617      
5           -248.58813090201645      
10          -2643.6635374724256      
6           -1250.6293364905277      
5           359.11611157283755       
16          -1646.4281060499879      
12          -2330.5605530682765      
2           -4.4761345299975783      
17          -2683.2686609703746      
12          -1106.3752351944008      
4           -398.79942594251384      
15          -2629.1526546920586      
11          -2617.9984421391264      
18          -4240.816035560998       
7           -984.42763976778099      
10          -1746.5075054817646      
10          -2896.1911916667068      
16          -4039.7980430594553      
26          -9686.3820785436637      
20          -5485.1805062954063      
8           -543.57193198744233      
5           -482.79044922441335      
9           -1364.6443502853724      
8           -1014.5245618817462      
6           -845.02772984633646      
8           -873.09172695912889      
10          -1197.4136987854979      
15          -1836.0562112331024      
9           -823.37426956093282      
13          -3364.6385660980077      
17          -4416.1238208000186      
7           -1889.6460697447253      
5           -301.72274467485295      
9           -523.78055303299811      
10          -1358.8980404019653      
15          -3226.2789421968369      
7           -157.21037880756137      
14          -3662.7472507481216      
14          -2545.2831024940456      
6           -81.330329960203343      
10          -782.63443909589034      
16          -4008.6634970318437      
11          -2251.6269310383714      
11          -1241.9537706377464      
12          -2998.3871761607593      
19          -4157.2746818088535      
12          -2555.1023402897645      
11          -2364.3845914759686      
5           -203.81056214250165      
11          -2288.6910087676488      
11          -2512.7879870447305      
11          -1388.1403169135388      
11          -1134.4838561497863      
11          -1733.4199588340534      
12          -2747.5983129456313      
8           -1330.6872837900335      
5           -133.71371376424634      
8           -578.31887811816705      
14          -3330.2584467358215      
5           -147.46125967838091      
10          -1430.4268306384597      
8           -736.94590617384995      
5           -188.94169214291955      
11          -1789.2452099169441      
11          -953.25533354539982      
8           -775.20209795397341      
11          -1922.3526598925009      
12          -666.33043199527162      
8           -462.84075631030441      
19          -6246.3116421212953      
10          -1677.3729009276315      
8           -487.1775202561372       
13          -2211.7212237284543      
6           -983.61422314881122      
9           -1000.9467619467496      
8           -1876.2429845320682      
10          -1375.6054098956386      
8           -764.3015020971734       
7           -884.37612436268842      
11          -1472.7560160582475      
16          -1826.6784444987479      
11          -1051.8119465264351      
10          -842.48139176729842      
8           -1412.8868102327376      
7           -392.63470024639497      
11          -916.00225247703963      
3           -10.071302692505286      
5           -425.18778302304764      
1           -1.1190336325015813      
13          -2092.3218131598469      
9           -1333.0713228761751      
13          -1310.2840776154981      
9           -1677.1820709181         
7           -779.8802498772335       
7           -462.51105605920452      
8           -939.42880351019801      
17          -3609.3313832432291      
12          -1636.4644430109734      
10          -847.85211421944439      
15          -2422.9106297860203      
6           -944.87032521887556      
5           -38.807169144067593      
9           -933.9674896537623       
12          -1893.7067924349158      
9           -325.10099319242988      
8           -1035.0605042630266      
8           -549.66190191250848      
10          -1698.0081432592453      
5           -516.14841355381179      
12          -1385.5845890351879      
12          -4782.4971165809275      
13          -1088.5441287483216      
12          -2787.7623398058436      
14          -3274.475857555205       
14          -3442.6205952181213      
12          -2152.4711130487881      
15          -3120.7235109795943      
16          -4019.7093006122905      
6           -604.23184651674353      
14          -2430.6051699965928      
12          -2089.8908983355641      
10          -2474.5000230504588      
7           -965.00744970454252      
6           -174.94297578075549      
16          -4721.9157760927446      
5           -90.391253463990807      
7           -935.95129187597513      
10          -1450.1478378505687      
21          -8612.3855360263133      
14          -2811.919303663637       
13          -1646.5364972783179      
15          -3465.3722364644323      
9           -698.1862771941004       
5           -667.0942725348234       
16          -3316.1016548351408      
5           -836.29506747178129      
18          -5789.0685709905647      
9           -662.51399532644962      
10          -924.16270544515044      
6           -842.03467492882044      
6           -101.95069259431099      
8           -1121.8352993282469      
16          -3843.0063512749794      
13          -1750.8190928622798      
14          -3113.5723495864863      
10          -1435.7718890584124      
10          -1432.5840029334825      
13          -1745.3519174119226      
23          -6151.7895154887674      
15          -3198.9206777736968      
4           -24.448866313075357      
13          -2780.0642151896936      
10          -3093.3087773728621      
13          -2681.3157063288777      
10          -999.89513464502011      
10          -896.43348763437882      
4           -530.8752423870726       
9           -1339.9584866957214      
3           -10.071302692498275      
17          -6776.8657139379866      
9           -2159.8882387982167      
8           -666.72327004252895      
8           -1960.4273192474991      
6           -670.33735270704869      
4           -409.64285405842406      
18          -4513.2542968623884      
16          -5837.5987727283164      
23          -7758.6405824643052      
23          -7888.3714843618563      
8           -323.66781422998162      
10          -1179.5892169963579      
13          -1624.1702289396751      
12          -2600.345199843387       
13          -1457.0757697535623      
5           -535.89240340432752      
5           -712.08185761111758      
15          -2434.7925590637597      
12          -2168.1409759428502      
13          -2374.3817245383839      
20          -5114.2541645605161      
15          -1678.9345423759521      
16          -6076.3580062998844      
7           -685.88738286082753      
9           -776.21524036850428      
10          -1109.7241496793536      
13          -1475.6721561258501      
5           -291.0870999079246       
12          -1861.2716704864451      
18          -2773.7183032391945      
6           -283.02759514086119      
11          -1447.5894250188726      
12          -3024.1622189263553      
11          -2236.8121493040926      
8           -975.40557818012041      
5           -124.60313394974408      
12          -1920.4065545885965      
11          -1741.6363946092386      
12          -1993.1817738977356      
7           -86.280415588859         
4           -323.13702592541654      
11          -993.44482728736489      
13          -1173.221594604848       
12          -1085.031384928086       
10          -1034.5049439638005      
3           -13.937324916416973      
15          -2762.9632885546239      
8           -1282.7728811582449      
16          -4002.1740941574972      
5           -56.426728768200974      
11          -2424.4356874813279      
10          -1598.1836198265744      
14          -2472.3169847847898      
17          -2153.5539317901048      
11          -1378.2826752504491      
11          -2512.8452716545694      
14          -2361.1832552116612      
10          -1597.5247825513386      
15          -2994.501528466275       
15          -4033.180362403039       
12          -2560.0398045297825      
6           -269.89786154730143      
11          -1405.7013227268205      
17          -4356.0744759412346      
11          -2368.4627550874047      
11          -1220.0361153766789      
13          -1633.4095413551292      
5           -73.705139637499485      
7           -251.01567602656337      
12          -1174.8941601030635      
12          -1569.4413352403171      
10          -1390.4647103818461      
10          -2126.4287719535423      
7           -147.23793751738339      
7           -1448.0098577514214      
13          -1077.4358583313751      
24          -8934.9212575878155      
13          -1379.3806632778826      
7           -143.09891995846954      
7           -338.62999414202409      
13          -691.9905465878951       
8           -535.55207848471071      
18          -3997.5817369419351      
20          -6806.6011515446025      
24          -8045.2566263690605      
10          -637.22075724390459      
17          -2202.8856176319523      
14          -1933.1981535897212      
6           -323.47297048580185      
7           -1757.318148004342       
10          -901.18472950425939      
7           -931.82106486792168      
11          -1600.0359307160095      
5           -300.56881157225075      
13          -2852.8346995590114      
13          -1409.5041048749722      
9           -642.96059167160047      
4           -394.72553004166275      
9           -1291.8677558766387      
14          -2704.186288836901       
12          -2719.965339161984       
7           -655.19648358919619      
12          -2381.9473444311998      
17          -3319.297780321559       
22          -5506.4835514121032      
20          -4385.7270069323722      
7           -769.06538853800782      
12          -1205.2687122183872      
9           -1070.9806172533367      
11          -4018.9294283818213      
10          -467.92282986444582      
7           -1513.3691422730572      
9           -2097.1600520026004      
10          -1459.4512619804273      
3           -10.071302692500881      
10          -780.85098551452916      
8           -1288.9683494315159      
14          -3809.1550338610673      
7           -551.50028267645268      
11          -2384.2993371798339      
10          -934.45255203389013      
13          -2188.2779461821642      
13          -2678.5340427585629      
5           -61.911084852194669      
9           -434.61240810377046      
19          -5111.3559374092283      
8           -762.37424381550829      
8           -762.1949776972773       
4           -329.90355887859243      
6           -128.54910209556374      
9           -765.63047045525582      
5           -456.03569687851979      
19          -4577.8850305842525      
12          -2414.1138461865903      
4           -449.78288860989744      
5           -43.925223067481305      
5           -258.94907908543331      
9           -574.90155754229431      
12          -1376.5985736507207      
12          -2879.1814328604814      
9           -736.73851729361184      
10          -2292.2941624056339      
9           -1321.8634714850264      
15          -3308.9878392857395      
11          -2337.0645526323674      
9           -1589.2873831734514      
8           -398.08226099709282      
11          -3330.3018504739684      
8           -674.35343610608834      
12          -2886.2539784875539      
2           -5.5932504581271285      
13          -1369.7092061970545      
7           -393.12243795399752      
13          -2204.2727464437944      
10          -1184.3386693503485      
6           -456.55327216187573      
7           -1034.2085547356348      
10          -1348.3630071872594      
9           -1231.0335147972546      
10          -1712.2161006034635      
9           -828.10875312260316      
7           -1337.4918157631848      
10          -806.792552200464        
9           -1468.6109887644675      
10          -1122.0039915385294      
6           -980.04495431402302      
12          -2419.7751649400006      
14          -1291.6311746059619      
8           -202.33463292517285      
10          -2144.6645703082863      
9           -1237.8846697925242      
7           -645.90764492256335      
21          -6276.7570192131416      
5           -276.08227876990009      
10          -1862.70400053242        
6           -401.68783198607048      
6           -648.80648645963913      
8           -929.52229337219524      
4           -254.64324673992837      
15          -3249.892086720361       
5           -27.975840812527785      
15          -2550.5595142003817      
13          -1629.8445058825462      
10          -1304.3581164872319      
9           -627.12480540161005      
21          -6924.660251714994       
7           -812.30032069000049      
11          -2032.3506738452718      
15          -3493.2769468399374      
12          -1772.8098342077369      
15          -3953.1068520119825      
22          -6422.5337304644854      
14          -4169.3648404644709      
7           -1329.6670781717501      
13          -1294.2704818798863      
16          -2322.8666922023231      
13          -3405.9016479211409      
19          -3879.1524828708593      
8           -1415.987106576508       
11          -1545.8332800138737      
9           -2008.9906301830481      
10          -1320.2976939233099      
7           -229.54072557605252      
6           -166.70936524990918      
6           -832.91812494556939      
11          -549.83857626420445      
10          -1095.2698153079023      
6           -222.29743444937094      
9           -1037.8003083165054      
5           -438.10401793670815      
12          -2168.439063947646       
8           -475.92253860612834      
2           -333.13558748585689      
5           -1103.7417507386467      
8           -607.37226626792699      
16          -2749.3480384365257      
4           -20.399111900576198      
19          -3766.3718508893012      
7           -943.21879380385769      
4           -253.42956222672646      
13          -2734.0062900347971      
10          -1709.3117557005792      
15          -3893.9902660697171      
7           -1094.2791277470824      
14          -2154.4961393258363      
11          -1173.3207031333682      
11          -1260.4799468259569      
10          -909.28461372757943      
12          -1725.3145312159697      
11          -1752.3171645266393      
10          -1462.6171863034151      
9           -670.38030623767168      
18          -3061.4229774219098      
4           -73.907888054566342      
10          -1097.2900082845542      
10          -752.89520268927754      
6           -431.87562769115834      
13          -2179.3352601916249      
6           -481.33800497591278      
8           -193.3438915743352       
13          -2561.1963920434141      
11          -1379.3444863139373      
14          -3760.9441120157835      
2           -4.4761345299922635      
10          -1348.1690022891128      
9           -284.39729752580877      
8           -824.62207547159505      
14          -2807.4208225002576      
13          -1906.965914875901       
11          -1119.4153884737614      
7           -75.078198913738859      
11          -1148.9579463973703      
17          -2751.1493508609083      
18          -5432.0462014481327      
17          -4812.9013730995548      
13          -2021.8649628639591      
7           -512.07562669082574      
11          -1129.1415045883828      
11          -822.20656577254522      
12          -1826.8304524969017      
10          -1563.1273712275463      
3           -10.07130269249946       
8           -438.36325775863907      
5           -338.95822485226654      
13          -2522.2627189838659      
8           -931.30947852768395      
13          -2823.0246337089238      
18          -6328.9159201466937      
17          -3614.8951267218777      
13          -2669.2629430527404      
7           -673.01670631379034      
9           -700.98613479365372      
15          -3746.2903589920543      
10          -1001.8862651219221      
14          -1728.7017676315731      
18          -4235.9049547995801      
7           -551.97313797141794      
10          -907.36270363012579      
17          -4425.5360053542809      
16          -3442.4195784057488      
7           -689.25170442921058      
8           -1446.8726397312071      
19          -4118.9871654420522      
8           -388.24194961811583      
6           -425.79402336534065      
10          -847.73200555679614      
13          -1077.7808532322533      
14          -1408.4740681220539      
11          -662.9431502217285       
2           -4.4761345299897126      
11          -1317.6511335864514      
10          -1149.1285783811788      
20          -6853.3975773119519      
18          -5062.6461306500823      
8           -1089.0232249200101      
7           -547.60624282263643      
12          -1552.6202245383599      
6           -105.83649207445956      
4           -17.904538120009175      
10          -1517.9898045927337      
12          -1710.3567164237054      
14          -1946.2998947200567      
13          -1190.0041380702969      
10          -728.61118258166596      
8           -206.05601934116851      
10          -1743.5737461055692      
10          -1170.7741072344738      
6           -722.79523455841013      
15          -3097.6928921315894      
16          -2732.0833138379357      
13          -1186.8022658553502      
14          -2407.3003445746081      
3           -252.75681070946476      
6           -388.39420577370885      
12          -1294.5173155729669      
11          -1513.6855453399221      
10          -2069.857631996143       
14          -2309.6951496238762      
14          -2903.937220920905       
8           -783.309423007644        
8           -546.61161144483549      
15          -2566.2157322462454      
11          -2749.4114549060282      
14          -4220.5253734836333      
19          -3861.3926176528644      
4           -636.92629777623415      
11          -2325.0130567890483      
8           -617.81692508365813      
7           -437.08213360518158      
5           -518.81766589632684      
14          -4211.5775019135463      
13          -4026.3983759285843      
13          -2677.5285164910438      
11          -2858.060069776398       
16          -2877.6320965295049      
15          -4307.682530772202       
9           -1167.8301366994494      
17          -3370.6030463998627      
12          -2886.3483646717245      
16          -4658.2185226644542      
4           -115.8039266030006       
14          -1498.2039484595332      
8           -970.68360747530119      
4           -17.904538120006698      
12          -1444.1063309082931      
8           -548.28434006525231      
17          -4745.0925441642394      
17          -5084.2061058195914      
10          -2090.5462879644992      
11          -1182.0970930652388      
12          -2471.2749581948156      
12          -2403.4752770604105      
6           -510.6483265214685       
8           -823.04354939307268      
7           -414.50111366595917      
10          -560.39957238511215      
6           -102.6294711634807       
9           -592.8485163682052       
14          -2254.3430428400015      
4           -236.11386189546894      
11          -2085.6803046803334      
10          -780.97348625061204      
12          -2615.1626823139713      
12          -960.78628607196526      
18          -5009.4422279266601      
8           -610.76443764113128      
10          -1404.2319121759499      
10          -1676.0400024597482      
12          -2101.554787540977       
9           -502.47678780311435      
7           -459.82471006220578      
12          -1823.9888172617423      
12          -2356.9607791549256      
6           -509.60161567584527      
12          -2926.8914448713572      
13          -1820.4562817044859      
4           -21.124296369747807      
8           -1057.8511367217839      
5           -205.04474278896907      
3           -697.10510200148394      
11          -1767.192286905401       
4           -300.72630390312952      
12          -1615.4229210715866      
9           -921.92140997594481      
9           -1402.4681027260328      
14          -3214.0274018401992      
10          -1451.9174435264858      
14          -1979.4328363703921      
4           -944.8362055287605       
8           -800.70284585716615      
16          -4077.7967257974997      
8           -853.92188887222449      
6           -267.47225894990441      
19          -6050.8951200874308      
15          -2612.1914737468605      
8           -526.47409851895793      
19          -5122.036750025236       
14          -2318.694633743245       
6           -226.96172116249107      
9           -371.3227880372059       
13          -1241.7789371236533      
10          -1206.590612507199       
7           -821.5721642413821       
14          -1301.4355911335476      
10          -1317.6740043748071      
18          -4430.9909563511874      
11          -1016.5637991542314      
8           -387.24418113923974      
12          -2011.4717499547669      
9           -1426.0143664703028      
12          -1439.2841341551573      
16          -2641.068544333421       
12          -2616.0121777695904      
15          -2770.2881039703479      
10          -1111.8715030850433      
10          -627.46399280681658      
11          -2085.5867532957095      
7           -539.0446983124632       
13          -1873.7252352365742      
11          -762.81432771109837      
11          -2020.7873971236093      
9           -1025.832001299719       
14          -1671.905212624361       
9           -604.32336499907251      
15          -3469.2138140103966      
10          -2065.8601103597894      
11          -1075.3295078315512      
5           -346.02278527338052      
14          -2236.0904086675587      
10          -1181.9443293678823      
8           -1646.7399314067743      
10          -1706.3195759987914      
8           -270.06534276458007      
11          -1318.1183326871067      
9           -472.15905005832303      
8           -853.08624592174215      
11          -1962.1050464165785      
5           -582.79928049109117      
8           -1152.2372273473281      
13          -2657.095661125014       
12          -1671.4811282401206      
21          -3727.221020609195       
11          -2242.285671239857       
14          -1748.0175034763799      
7           -904.53871123540171      
10          -135.80624155085218      
11          -867.50854436212035      
8           -1268.4964040163845      
9           -1261.2852384122161      
18          -3366.298223748282       
12          -1616.8534239583335      
10          -669.79465497143917      
16          -3516.2356874582774      
10          -823.80903891576304      
19          -6456.2515872882177      
25          -8344.0171438828147      
8           -924.6784826635128       
9           -785.09405563206496      
5           -27.975840812541065      
15          -1826.1747214787583      
7           -564.60514564721598      
8           -1122.9107438252649      
8           -941.77568927100174      
16          -3941.8729405743002      
14          -3039.5692555228429      
17          -3692.7619365697601      
8           -993.40152567273799      
11          -2811.3488255241136      
5           -432.82345842371046      
13          -2386.6486703769342      
17          -4820.516739010438       
14          -1510.6992137464317      
9           -1566.1768876428446      
13          -2779.9551348318278      
12          -1526.7353127969677      
6           -443.8361153903449       
14          -2744.1067902403393      
16          -3895.7126453346164      
13          -2154.4162340550733      
10          -2298.9865575576769      
14          -2448.4541077986805      
13          -1174.847930563855       
8           -643.50066530991523      
8           -344.06766906240989      
11          -1816.9826093714496      
8           -1158.6744607857111      
4           -151.58803404383414      
4           -77.499178081124739      
5           -730.11806784507837      
14          -3557.1203667016412      
15          -2926.0665414997056      
15          -3360.6513139082745      
4           -35.930753899642909      
12          -2139.4797634331735      
6           -468.598814484721        
11          -1255.7483917725813      
7           -2198.1465441983687      
12          -2146.3709386880596      
14          -2038.1855679829973      
12          -1301.6587624104818      
11          -1134.013238355725       
9           -1142.2270468613751      
19          -4810.7091924650467      
9           -1489.5783811428685      
11          -1147.7484901347946      
16          -3721.1582628670917      
16          -4044.7111603276408      
13          -2015.7590809239862      
7           -1504.0976832126291      
7           -455.6854728022812       
20          -5368.5479809753588      
11          -1145.2632804639193      
11          -1510.8912307185731      
12          -1126.9660812364989      
12          -2282.5596740146748      
8           -179.29083564143485      
7           -149.43875275325198      
10          -2098.2959492768209      
10          -1606.2007042432658      
9           -1075.4309645592318      
14          -3611.653253546363       
10          -1369.7065271599347      
7           -377.74489594721462      
14          -3336.7823795921668      
15          -2824.9983539656159      
8           -1023.7068314468503      
3           -11.178150809461005      
6           -140.27568411134138      
10          -1138.6418316805409      
10          -1345.7937080616437      
19          -3563.9220706825054      
11          -1788.6520829503158      
5           -34.073635667059179      
11          -1099.1616280066646      
4           -284.55517020040861      
5           -154.97381664050496      
16          -4276.8771699714362      
14          -3605.0879981498624      
8           -231.3944132634461       
12          -3567.9384665363218      
12          -2477.4525689841985      
12          -1440.7704904016471      
11          -3251.4445494763399      
2           -4.4761345300104329      
10          -1010.8437797204242      
22          -7853.9939954043375      
22          -5980.1099735345897      
3           -11.989085141303491      
9           -1033.1634576211814      
12          -1268.4666231450956      
7           -267.28765361449837      
3           -10.071302692508896      
13          -2188.4457070235567      
8           -990.35546266498852      
9           -1564.5002261182885      
10          -881.05788772356448      
7           -243.47103812672395      
4           -557.4934726988804       
7           -617.86170595537226      
5           -531.00963202905848      
7           -518.27060161410338      
7           -554.11867730712197      
9           -1688.6659357286071      
13          -1164.2486366194812      
9           -1617.7574548045868      
8           -518.78464341440633      
6           -76.662524586281918      
4           -589.61015476383761      
10          -892.11246549897851      
12          -2862.4578323451383      
8           -507.72383009489971      
11          -887.91996688341737      
7           -1171.1921217965057      
12          -1933.1716771975421      
8           -1293.1334369156989      
8           -1594.7305251978762      
11          -1890.097727761294       
4           -570.65867347116182      
3           -35.198373713131616      
5           -581.56773939616573      
10          -1544.7567747872567      
8           -889.42359165311552      
6           -130.41450047515497      
14          -3019.9291453208016      
11          -963.77886130071033      
13          -2307.6926525993699      
7           -243.26539389104403      
5           -209.12381828787113      
17          -3181.1508902740188      
13          -3122.881906263136       
14          -1852.2355580629101      
15          -943.68992977757034      
8           -1148.4601650313359      
13          -2178.9435210306183      
10          -1383.4645552749803      
4           -48.005984839850939      
7           -654.71172899543888      
9           -870.63498251860585      
15          -1997.6071122983647      
9           -1507.5717719183267      
3           -10.07130269251301       
11          -1607.0659220814582      
8           -1582.8494582088485      
10          -977.86892959340753      
12          -1966.8658407046696      
8           -153.56854062927908      
8           -646.59007138501568      
7           -1088.2791856676167      
6           -430.69465946231111      
13          -3667.7225952530976      
6           -751.71677954637073      
7           -1301.1117276363238      
12          -1476.5880056319902      
10          -657.39560619030135      
2           -93.163165720196361      
10          -2730.6454549004443      
4           -104.97100017960113      
5           -110.13610616374129      
9           -771.66681309374633      
16          -3906.771449826264       
16          -2462.6972734566398      
13          -2418.2642293037416      
15          -2986.568798022774       
17          -2712.1462839562332      
12          -2267.5282859558074      
13          -1704.2413556002994      
11          -1143.4167313129783      
12          -3008.7661379839487      
10          -1631.0815256672568      
12          -1220.5507862580012      
13          -2449.2897366121761      
15          -2953.6142613324637      
8           -821.06092646216371      
10          -1417.0919021179327      
13          -2301.3899286694814      
6           -138.54754554714359      
7           -411.48790691024186      
12          -2986.7955092659295      
7           -169.46128612527369      
10          -1940.6451791280517      
2           -4.4761345300058135      
12          -1260.7265636725499      
14          -2624.7788668181947      
7           -182.99302856182624      
9           -611.2791108541827       
7           -564.8166133191819       
4           -189.37427573137151      
14          -2107.7224717573085      
17          -4563.5915135630321      
13          -2241.3831781891708      
11          -801.08177372973864      
7           -751.41829720133489      
17          -2941.4372791331057      
13          -2218.2390412125847      
9           -898.59301308108672      
9           -1068.5799102630817      
11          -1069.0141611817053      
10          -1758.5747652776693      
10          -2248.0089359027784      
18          -5125.9659549812823      
20          -4730.1573758971481      
14          -3494.1584401951304      
18          -3260.610549622721       
12          -3046.5917963558236      
10          -664.89949429978685      
14          -1786.8214072474459      
11          -1643.1868002493122      
16          -2757.5749331181783      
7           -706.66311509873822      
6           -104.7120304195936       
10          -758.07096472341436      
12          -1799.3743549851442      
11          -876.94604476200379      
10          -579.74210163985992      
15          -3039.1249735441888      
8           -173.10454598075012      
14          -3029.3652602147126      
8           -1694.5985367175811      
10          -1521.9195312187217      
9           -1251.4853553318808      
10          -1802.0862790568547      
9           -696.81706306838169      
10          -1250.264896049631       
6           -900.49350628415652      
10          -556.62962001839389      
8           -654.23718740753998      
5           -481.27296573606429      
16          -3700.5056481657812      
13          -2157.5489135452212      
10          -1264.6363085282342      
10          -540.8584772187362       
7           -493.69326401620253      
7           -1134.1163297537144      
6           -253.31252821130789      
12          -1569.6963476207834      
13          -3729.3307157074382      
15          -2327.2955384328848      
8           -328.76088668086857      
17          -2789.0384985069422      
20          -5244.5966675378349      
16          -4162.5238640318403      
10          -291.29168795610553      
6           -72.43733144673466       
6           -208.91477265408815      
10          -1304.2630000782667      
2           -4.4761345300011168      
12          -2058.5319392939969      
12          -1471.9255585183096      
9           -1082.5547815629063      
13          -2380.6686508875905      
13          -3116.0750015420749      
17          -2962.3139488165398      
14          -2386.8579503602527      
6           -399.74683956615939      
10          -1995.4661827791128      
7           -830.33166317676501      
15          -1871.9200525043325      
7           -1089.3593510593055      
8           -1117.6105493650145      
9           -2160.5730213616762      
8           -409.36288973834945      
12          -1431.8609714461463      
11          -1095.3401899832263      
17          -4511.0932116483036      
7           -694.20451130315416      
18          -3905.925365656281       
10          -2324.4223858439814      
5           -679.56566805403941      
7           -121.34945504506618      
6           -107.93457254251481      
8           -1089.7139859467754      
31          -11748.669839193226      
17          -3196.3948937408018      
10          -2347.4748741396488      
19          -5483.7394602299501      
16          -5508.4086975943719      
17          -2910.8198912209041      
7           -1443.7505576295598      
9           -571.37446602645423      
12          -1055.1314088288943      
10          -1188.5972269980566      
14          -2491.8524900451466      
12          -3127.503036495013       
10          -1840.2402467847639      
9           -486.54882647747411      
7           -1260.5260620693118      
5           -116.21745529409812      
10          -1590.8502618784612      
9           -1831.3907465595487      
19          -5330.6704849974931      
10          -2186.5039319284683      
7           -308.76315007126448      
5           -138.05347114826105      
11          -1074.3209502967154      
10          -2778.1606863805323      
12          -2438.3703755646247      
6           -559.20694050070438      
11          -1226.2830459717422      
7           -1137.4331753492818      
13          -4050.3661985861913      
12          -2011.9799833107384      
15          -3155.0008424717148      
5           -37.016974211709368      
4           -42.665086910976299      
9           -1396.6282158958186      
7           -846.13196037568662      
10          -556.71969051732822      
8           -783.70248911361409      
12          -2083.8411509389248      
12          -1422.1486112236448      
20          -4499.5702391912391      
10          -1676.5976961126969      
9           -2036.3958682245682      
8           -717.24362115979056      
7           -219.56235606501934      
11          -2601.8855347551362      
12          -816.55519955106604      
16          -4430.9113788785635      
9           -483.12133442092397      
9           -885.86428545726221      
13          -2755.608774416994       
19          -4035.4886234601699      
16          -3959.5540133067329      
17          -4124.7716436122764      
12          -4188.3254609431315      
6           -514.67496319693612      
11          -956.09471441279084      
8           -1131.7986179137126      
16          -3072.4594186062436      
9           -788.85882497125624      
6           -186.57726369349115      
11          -1656.7780394819706      
20          -6491.9456418133359      
10          -625.80313140873852      
7           -2057.9849451479113      
17          -2871.8665157444134      
2           -5.5848813901175358      
5           -102.36371383899518      
10          -1567.7665462647424      
17          -3239.7493524317247      
9           -1138.6700873950892      
3           -40.510009420957871      
13          -1935.3510505271659      
10          -830.13020477811699      
10          -1338.0692410041586      
6           -340.37666629457289      
10          -2374.4978531916313      
16          -3778.4048192159107      
12          -2424.2976125092468      
6           -59.536614169984247      
12          -1227.0880750306414      
6           -330.59026448953136      
9           -1012.8663811323729      
12          -1793.2064619027017      
9           -626.59331054340782      
11          -1233.8073985381684      
4           -38.161443733240191      
17          -3708.6886649038815      
9           -158.16794310394843      
10          -595.02096440404         
13          -2021.8484592483205      
6           -95.847432336524122      
6           -130.71834456690132      
11          -1266.5084631422376      
5           -290.44532225348422      
12          -2761.5674719730209      
15          -2798.364553076738       
5           -285.84319030788294      
9           -1407.9855936321185      
10          -1020.2616919335369      
2           -4.476134529998296       
16          -2189.6882715875627      
20          -7566.9961888256312      
20          -3908.6126685598556      
9           -718.6531050161575       
13          -2489.1719901499609      
15          -1757.2589649063157      
10          -730.64423956632299      
9           -635.67557342130465      
3           -11.7987761059101        
12          -1981.7606136528157      
8           -1349.9999406864702      
9           -880.56402998036197      
8           -903.94044869529637      
10          -1236.1795313757216      
11          -3978.331490228255       
4           -333.88078509633755      
3           -73.482471405087509      
7           -571.2457959771524       
7           -974.41730143593895      
15          -3712.322842311984       
14          -3064.3021953938746      
23          -9134.8222123815831      
15          -2514.81000190242        
20          -6787.3538123919379      
10          -3240.4105988517422      
10          -394.84379700710235      
8           -350.71804223027073      
12          -2145.5664030050502      
15          -3621.2034738215984      
9           -1216.5119981634145      
6           -324.14579766170885      
6           -1302.1315127010967      
6           -516.0335072869284       
3           -10.071302692505762      
12          -3526.8873157726725      
8           -1262.6296406304837      
11          -744.45404346503676      
16          -2544.753349841777       
5           -62.643915468118934      
13          -2630.233825138193       
9           -1854.259016827247       
5           -73.790903623410586      
7           -523.33679642055927      
14          -2911.3867734151227      
11          -2469.9071594276675      
12          -3132.4988172908556      
11          -1388.8617000432612      
3           -10.071302692506558      
6           -883.66607610954509      
8           -1126.8944168322014      
8           -1880.0369531512774      
15          -2669.1082846776426      
10          -1683.1257153176809      
12          -2050.6989945463897      
4           -188.39779061389174      
16          -4596.2715935418191      
13          -2242.2011882825695      
8           -355.60032573456203      
9           -1367.8858840648959      
14          -1849.460351709276       
2           -4.476134529997478       
9           -1733.5084619929007      
11          -1431.572353968857       
10          -652.35125669310185      
7           -1853.2304358033198      
14          -2594.7106719164676      
9           -1099.7041098643435      
9           -576.59129261770238      
16          -3704.1267763824817      
10          -1098.9560386558496      
18          -3868.7618274444662      
10          -1177.7910459983373      
16          -3297.148707409242       
10          -823.6262693852949       
12          -2963.1539142672414      
8           -112.07595597800631      
12          -1749.2759075959975      
7           -899.29798567086505      
10          -958.18981096213247      
5           -862.12346015004209      
9           -1032.7683523239575      
11          -1208.8837807151297      
10          -2490.2953623312706      
9           -1260.4608190570514      
7           -142.7904043817731       
13          -2082.4314988937867      
10          -2110.5006234628195      
13          -2122.828223098812       
8           -362.40594025720543      
7           -568.0363751551065       
24          -4756.7101798323565      
11          -1600.5066444989347      
7           -251.17717948852851      
6           -926.21616797597187      
12          -1399.4672942396842      
9           -1361.5162878995816      
13          -1611.1061332625322      
10          -2564.7920475795331      
10          -1368.4082982473828      
8           -500.45339381281701      
6           -68.106085085900929      
13          -2339.7974855011516      
9           -1675.1603867388271      
9           -381.60194624627837      
15          -3007.9320010327856      
3           -10.07130269250951       
7           166.29718397194156       
4           -68.577741594978136      
12          -2257.5056812448561      
11          -900.71757005741938      
10          -1141.9364848957821      
16          -2694.339520376463       
12          -2677.7163039816874      
16          -2991.8562319358884      
10          -553.79459112873917      
12          -2093.8618225491077      
11          -3149.9333776357694      
15          -3922.9298428965808      
9           -673.44652078425406      
14          -3183.2727406755994      
3           -32.596374145457943      
11          -2188.9733700546121      
10          -1594.6873007022284      
15          -2876.8632266794411      
16          -2417.6921150285916      
9           -1072.2059996200385      
12          -2233.4367390965672      
12          -1627.5900085708174      
11          -2501.7133662919327      
12          -1791.0670345318842      
14          -2774.9182593650526      
7           -916.26355914093153      
11          -2236.2506721147465      
16          -2565.9975868612928      
15          -1260.0403202018754      
18          -4428.2986027803936      
10          -404.59843226854548      
15          -2399.4083526836862      
23          -6323.6739171739046      
15          -3637.2710274650067      
15          -4384.7318537436649      
22          -8096.4025928729525      
8           -1711.4350856396536      
7           -278.037960992742        
13          -2308.7622277617111      
12          -1509.9658776606188      
13          -1587.0835739180009      
17          -5990.918153624626       
27          -6488.661491449493       
13          -2910.5769846268113      
10          -3145.6238103064597      
10          -540.81680015344841      
12          -1613.6859486415212      
11          -1107.8738345008478      
9           -1831.0228224208629      
13          -3491.1052698969279      
22          -7015.3278051449042      
15          -1873.123451668057       
8           -877.0840705686561       
10          -1631.7561483102991      
8           -739.55982870390142      
12          -1425.9172765374842      
1           -1.1190336324929979      
7           -88.891105090675921      
5           -311.17530587043086      
6           -921.04832490879983      
16          -2458.3477394361444      
8           -1113.5209522366333      
9           -1223.7732287418135      
9           -1527.2962232726588      
17          -3915.511274047773       
4           -24.821938031694657      
14          -3779.3623358977916      
10          -1470.9280532120815      
13          -1455.3901075233246      
7           -319.06176677476032      
8           -1110.3421136230063      
10          -1190.7055477899753      
5           -100.57916858645029      
7           -477.50966363088281      
7           -649.93516564424272      
10          -1867.9358958251671      
14          -3784.0873482767429      
12          -2791.5782789509003      
3           -10.071302692516314      
7           -203.09312508293817      
7           -429.6488785554381       
20          -4694.8079481624027      
15          -3439.0328619823067      
18          -4703.5523990716374      
5           -30.013934736338307      
3           -10.071302692513703      
10          -2271.9386375832014      
15          -2794.6499398817509      
19          -3579.7132211970379      
7           -531.4762764504984       
15          -4981.7839758975133      
8           -288.5426873822646       
15          -2940.8681572355163      
8           -2174.581310471071       
10          -1013.3861661890523      
9           -797.66722069489924      
12          -1613.1900699025709      
12          -1951.4011879776342      
14          -3965.3641876563306      
14          -4354.2031167246096      
5           -268.99630891638321      
14          -2038.6153915730183      
7           -1047.1946006187682      
10          -1239.1890273081096      
10          -651.94838556058028      
11          -1744.6439417335534      
12          -2138.2611488557955      
9           -587.48439343937116      
9           -1557.6956160248453      
11          -2396.9305403637413      
12          -1319.363934196122       
7           -366.016031958979        
3           -10.071302692515138      
10          -1227.8034474608376      
10          -3205.3109042672299      
15          -2464.825437886675       
8           -429.40729563393234      
15          -3688.0614633880218      
6           -99.132868402195413      
10          -675.32956128891908      
7           -111.16351207730625      
7           -233.69635710100118      
10          -704.0507334647217       
14          -2123.4024856339124      
3           -59.352388736409338      
11          -1210.4277568604393      
6           -339.50633816826524      
15          -3139.8207313335465      
15          -2490.0557710612475      
10          -2157.8720024599847      
20          -7284.1762051330534      
18          -2966.6198890666419      
8           -667.97993096685821      
8           -674.00821216602117      
11          -3284.206718838479       
6           -678.33257907766426      
11          -2194.7657117735721      
6           -845.28713498423508      
7           -156.86497293240538      
10          -784.04608594679473      
10          -1231.8028617485718      
3           -127.28509715950885      
7           -119.3830046702795       
17          -4010.7946759756214      
6           -232.57927906374044      
11          -1254.7795072458257      
15          -2121.5957249093162      
4           -131.89736754323403      
6           -170.96229811289501      
14          -2856.6476188608267      
11          -1555.2320686572948      
10          -638.2739740253711       
14          -2842.4618445513029      
10          -1545.2277277779535      
6           -419.87660255878018      
8           -1121.191270264535       
13          -3394.0638145011299      
12          -1211.1719022047719      
8           -1600.5581159434562      
10          -687.31912843318594      
14          -1367.8561558528879      
10          -890.92248403311578      
13          -3036.1243796584395      
7           -498.29459340675254      
7           -874.67908977368961      
7           -232.9013453373596       
15          -2862.1326642343211      
11          -3137.7831884314928      
7           -187.08279093269294      
11          -1699.2349049004283      
9           -875.74390767708439      
17          -2810.915579181114       
16          -4560.461718959391       
8           -703.36456831386977      
13          -2448.3074810670337      
9           -1114.6328352255007      
14          -1889.7937934273596      
13          -3549.3671473067529      
11          -2331.3301482204629      
7           -686.97890582755838      
15          -2365.7046372453033      
7           -241.88241956188983      
12          -1225.751763453185       
16          -3945.9128208381776      
11          -2757.2943720721619      
11          -2521.2180343128935      
5           -299.13752612376862      
5           -805.71620747526958      
5           -326.87470030948964      
14          -3238.6845981360543      
10          -879.82530625629352      
6           -735.81339048313544      
5           -236.53954350880176      
10          -915.45063060298025      
20          -6040.7220653147506      
9           -883.25006319703527      
13          -2156.8147523768921      
2           -4.4761345300040736      
10          -1996.889318201366       
4           -199.30889199909149      
9           -1645.8402011148376      
16          -3416.2669505128906      
9           -1519.18800057214        
6           -731.29730960107656      
7           -1233.1488679515758      
9           -747.84450570673641      
14          -3459.9520842028633      
5           -827.00872795753924      
7           -291.81426884326629      
17          -3103.8867522680603      
9           -309.31041381089494      
6           -198.02361678274593      
10          -1149.9071001596828      
12          -2886.7845011535737      
16          -2538.3367304177073      
4           -24.904963509167999      
8           -603.14767188814267      
10          -2982.5806094577956      
10          -1523.3280409896697      
10          -1768.2263522303424      
6           -61.596689002190963      
11          -1696.0474126553374      
12          -1357.4715635879299      
11          -983.75828153760085      
16          -4015.8811530458142      
8           -1835.3782370625045      
9           -1096.4088605983347      
16          -2726.2085830962192      
10          -2062.6051646847295      
13          -1639.5014317722223      
9           -1616.7928050448947      
5           -157.94385176591757      
16          -2949.4732440662019      
10          -1653.1100117637861      
11          -2457.0283844072815      
11          -1785.8736271628886      
22          -5653.1567296011181      
2           -5.584973896545085       
13          -1687.7328100536299      
17          -5817.6168776141139      
17          -4129.367439286013       
11          -1536.7519402660162      
16          -2261.5486054066096      
9           -537.25003816722005      
12          -1981.1121278401311      
9           -978.91234131916019      
5           -1688.3341018793471      
9           -1215.6823430377913      
18          -4780.6854436684234      
6           -479.43450826589731      
7           -1028.0788811907373      
13          -1820.7933049689782      
12          -1035.614293429742       
14          -2734.7628576125317      
12          -2298.5276867254784      
19          -4343.1320038366084      
7           -574.38096508917727      
13          -2474.7207037123471      
8           -840.45854046090699      
5           -252.64449239074747      
13          -2791.6593022126845      
10          -2495.6582694019362      
5           -67.44793293186342       
8           -706.49145692701086      
11          -707.0423073264044       
8           -688.08232403196484      
14          -2301.0206922235357      
5           -82.436163566537175      
6           -1361.8506926877408      
15          -3876.8039089922891      
5           -127.93091272968405      
6           -66.007618066756962      
10          -1091.6508920295137      
5           -235.3909697180774       
16          -4192.7115197393105      
9           -778.10979765796776      
8           -1029.0987333381356      
8           -1062.3489155840259      
9           -1607.6549269435679      
8           -1322.7838653835752      
10          -952.058517546178        
18          -6214.7147760171356      
12          -1467.3989141487396      
4           -241.1742158798879       
11          -1116.470805320633       
6           -828.28488935553503      
6           -737.07400527695415      
12          -3552.6545440343561      
9           -892.20347480271244      
20          -4394.1085224028529      
10          -3123.5137625199341      
12          -1333.600327084285       
8           -915.64631019100455      
7           -243.63645080222437      
13          -1573.7666014332544      
10          -1859.9193830958232      
9           -995.49897728599103      
6           -603.91033924329145      
10          -1720.1543708853442      
11          -1434.452012058741       
12          -1374.112619134914       
6           -168.74384640090653      
3           -10.071302692512278      
14          -3186.9700240971115      
5           -201.87514617008705      
11          -1985.6503289885268      
14          -2673.1191997832893      
10          -1160.3441958072883      
7           -622.32764813990377      
14          -1041.4871668946587      
12          -1290.9905882970215      
13          -2072.498052323916       
10          -2186.2074042367176      
9           -1211.4285340242488      
20          -5532.9735443452191      
18          -3969.4307524857368      
11          -1303.519729112938       
13          -2161.3974490663277      
13          -1904.8918013039356      
10          -1817.8389179255964      
9           -219.02998865849636      
14          -1549.634907055492       
11          -3364.5766928092294      
10          -785.14969358198869      
12          -1615.8611352717135      
11          -2732.4986330012289      
19          -5106.1655536232638      
14          -2936.3493082688769      
10          -2330.7774505510765      
12          -1563.6268373662444      
11          -1900.9350646470327      
12          -3185.3577279166598      
4           -39.165844082993218      
9           -1073.4839720771122      
9           -2113.5290022689201      
14          -1558.9475871951327      
6           -260.40407691517015      
8           -366.74760392092878      
8           -1339.0335670542984      
8           -310.20782370281904      
8           -1223.6147192630083      
15          -3458.1988232094586      
13          -970.3727764591705       
9           -894.82981847527844      
10          -1273.0143321297214      
18          -6048.3516417717283      
18          -5467.9068458705397      
8           -690.13340080021089      
6           -307.98558019896933      
13          -1639.1095299955905      
11          -1514.6199741282121      
2           -44.281350298001527      
10          -1034.7852652650861      
15          -3333.5983725521523      
12          -1506.1780113813704      
13          -2274.9149913407509      
9           -693.34597007259424      
5           -130.03445412246373      
12          -2404.0986062534926      
3           -10.071302692503666      
14          -2904.1185581179293      
9           -1624.2980389853656      
23          -9443.8123497275428      
10          -2299.8181044463249      
13          -3203.3348832195757      
18          -4338.1857960462758      
14          -2067.2634969868236      
17          -5976.4214317140322      
11          -2655.7982393011093      
9           -1004.7054051542934      
11          -849.37616691470043      
12          -3036.5471829070393      
9           -2197.1337214341142      
11          -2269.6572108339437      
9           -797.20051940416442      
11          -1250.3300001715734      
6           -271.71097695896361      
8           -117.98787369995469      
8           -691.20029347446223      
9           -698.43594932362601      
14          -2403.9724816503804      
10          -1629.8782831871952      
4           -32.429426811922553      
8           -2007.8543146892121      
11          -1246.8809842059218      
3           -10.071302692516833      
3           -70.514128542603075      
10          -1198.6070121873258      
11          -1269.2067912649784      
13          -2218.0034702260186      
9           -628.96368131296776      
10          -1844.5936511591094      
7           -335.66998645762783      
9           -1691.366238546057       
12          -1122.8353736328033      
5           -430.3623238663223       
12          -3137.684938676718       
8           -535.84552011373194      
13          -2392.977949179729       
14          -3565.7211226541567      
11          -1852.8719617860518      
17          -2094.527141199429       
13          -1573.2701091680565      
10          -2197.0835926431455      
8           -768.30784975274082      
6           -848.43398910408609      
11          -705.35745670815504      
15          -3009.5018033550105      
17          -4438.375088931255       
11          -826.32729874053564      
16          -3350.3102312468654      
10          -1953.0262267681114      
9           -1637.4115831110353      
5           -27.975840812538983      
9           -1602.0372605822556      
11          -706.53724564231663      
16          -2523.4622367618517      
11          -1483.293026361292       
4           -41.9110604339688        
9           -1170.0710637979632      
7           -353.53580681915491      
7           -711.6636469162537       
17          -4355.7238241793175      
13          -2535.7976936155419      
4           -806.41319151494451      
8           -649.78412064591475      
13          -2677.9852875323045      
6           -914.34310290754672      
6           -560.45743471866319      
9           -385.39828620545387      
8           -725.41658099498477      
17          -2934.2309684207044      
10          -586.98048111195271      
18          -4524.0720759219739      
8           -3067.8774360376929      
7           -902.78790439184809      
16          -3496.7881404794748      
6           -686.77923822804814      
18          -5731.8022853524135      
8           -376.70915082209547      
6           -113.52552886210754      
11          -1760.4221679101288      
12          -2670.5863704448748      
6           -201.0894406859112       
8           -538.45010597953285      
11          -1229.5066558594813      
15          -2614.8468292725656      
18          -5415.6612423803317      
13          -2408.4052541870847      
18          -4653.1182397573393      
11          -1186.604702669053       
10          -2250.1855168528896      
10          -1221.5231658242692      
10          -2036.9061879877718      
4           -269.56358212638071      
8           -767.84353068843916      
9           -1336.5446503519863      
12          -1401.5596908491457      
17          -3255.1885524419486      
6           -515.36600602893304      
10          -1899.3031657974595      
10          -1347.9907529302884      
7           -626.01765992174046      
19          -6704.3934674307993      
10          -972.79418393716662      
9           -241.23892148679639      
4           -403.00553813327463      
3           -13.776538161989539      
17          -4409.4658926280244      
6           -550.07038040934549      
7           -267.38965028059471      
12          -2097.1129885974042      
8           -333.49402095154574      
8           -1249.6710409838809      
11          -2081.6273214128073      
16          -4739.1978033861678      
5           -599.79509359165331      
16          -1671.9293134038899      
8           -1195.9105708711284      
18          -3199.7202591497935      
14          -1957.851426199843       
5           -31.773582195174221      
10          -1514.029499419021       
5           -62.642138742929205      
8           -600.62199815758163      
9           -702.4570604673454       
8           -696.97637359449732      
6           -385.00196364925642      
19          -3518.5150738064067      
24          -9388.8254332795259      
13          -2163.6499289240719      
7           -1003.0550387939862      
6           -207.03656177709732      
8           -1300.4475660276319      
13          -2322.2334231878303      
5           -150.60766066227774      
3           -13.138691106941723      
16          -3803.2557017125337      
13          -3965.3229686302157      
6           -711.20546971980787      
10          -2110.803716983693       
8           -421.29132310435307      
11          -1685.6943045000971      
8           -330.53705454590965      
13          -3506.1229830495949      
16          -2631.4971455170407      
3           -34.249978074941957      
9           -1797.6898174349935      
