380 1 -2970 30 30 30
127         -110912.06769699614      
124         -105434.6591768277       
128         -110850.85862940099      
127         -111507.30737277913      
126         -108202.23914238065      
131         -111800.34611856643      
126         -100166.19801105946      
129         -111166.32471161181      
132         -115036.84622879449      
122         -92961.664522137085      
122         -91678.317883587923      
121         -84618.168655692934      
122         -88156.863917605966      
122         -83218.112597919549      
122         -85945.693339790174      
118         -79952.343506080797      
112         -73035.170031773712      
108         -64647.456873111427      
111         -73922.097616065803      
111         -70255.87395198665       
113         -78748.145493215969      
114         -81661.854763691779      
114         -80619.795671452448      
120         -99006.889925072028      
121         -101642.06738009279      
120         -97428.518616065689      
121         -96786.951796458714      
124         -107811.45995746643      
124         -109171.59891806604      
126         -114588.65504036413      
123         -112156.33719158174      
123         -108028.19644464337      
125         -113483.88294720811      
126         -115650.75315439742      
125         -108630.52111820871      
126         -114228.41804908733      
123         -107518.24279090486      
122         -107528.67174659148      
124         -110029.35013588416      
125         -112394.27162470385      
120         -106464.34256059147      
125         -114786.94393563073      
125         -113861.57824001828      
126         -120954.79828660749      
127         -117188.38300020681      
124         -117041.41254213804      
130         -126243.97637748836      
132         -127446.50483044365      
134         -137871.3774789359       
128         -124444.70944972927      
124         -115308.77034972532      
123         -119796.9325727972       
123         -113906.38496957548      
126         -118508.03506765881      
117         -97330.109261048914      
120         -110407.41795884586      
121         -107665.76003955872      
119         -104587.49569912562      
120         -102745.11610772349      
117         -96653.888763609881      
123         -106224.50159181368      
124         -109653.91800240116      
124         -104357.62117019197      
122         -96830.141787721761      
117         -85853.584781780126      
119         -93244.230441017004      
114         -83855.514477652934      
115         -90585.642712851186      
119         -100613.90830259059      
114         -92768.481943521751      
123         -105154.26316617859      
124         -106364.95679423487      
127         -109423.21531673161      
127         -109515.63929853158      
130         -114415.02183081488      
136         -133462.7642421342       
135         -126468.5334638424       
134         -130718.69265699676      
130         -119728.69337094756      
133         -124988.68128069142      
125         -110839.38490264141      
126         -113883.73955599828      
129         -115696.61170994716      
128         -113255.58913845458      
128         -106624.56632245515      
132         -116619.22550004098      
132         -115826.23442126249      
132         -121513.08917621034      
132         -123723.69942346806      
133         -127256.252195753        
134         -132728.60516702311      
128         -123638.16022053         
125         -112970.02470531806      
127         -113389.97608445139      
129         -114519.72389263751      
130         -115749.4104786493       
122         -96721.930273782069      
131         -120366.13633080602      
126         -107724.80405169704      
121         -104388.7578589434       
120         -101270.24063011385      
122         -100372.76323534161      
116         -91726.728614430249      
127         -111056.75596340747      
122         -101740.87563205969      
118         -91090.229511651181      
125         -104526.92832979329      
116         -89857.67780057092       
124         -110335.4737751119       
123         -107453.78439830383      
122         -108242.41967780005      
122         -112432.41407166733      
121         -111305.08059102898      
124         -114466.47022254634      
111         -91396.789726007424      
115         -95537.470598601809      
115         -96787.679769156166      
108         -84581.642409373191      
117         -97865.729892961608      
117         -102684.84167695399      
111         -88837.218262618146      
108         -83065.381326049421      
109         -80045.29719047292       
112         -82575.211991382297      
115         -95820.628929752842      
116         -100692.78848099368      
110         -87975.484079481132      
115         -94031.910852366418      
111         -88690.603719832812      
107         -84032.855622877309      
120         -103148.19881381045      
116         -96145.95874516468       
112         -88474.011426946847      
112         -90477.339688346154      
98          -65953.076890121825      
109         -81593.206545805078      
116         -95676.153704375451      
122         -107855.58322457341      
124         -110242.264469994        
123         -105598.58929776112      
122         -109350.80080354829      
123         -113278.94113256142      
122         -112420.8133145584       
125         -115790.81578101341      
114         -87936.536101654696      
113         -87904.059409186899      
118         -96003.273233373649      
117         -96250.762893887615      
117         -96920.774110447688      
121         -108732.42761170691      
125         -120954.07384374505      
124         -115474.58992552169      
121         -112247.26167635505      
122         -110855.222265287        
122         -113314.57962995181      
122         -112407.72685453574      
125         -121122.73908863528      
116         -97610.609286713574      
119         -106792.70415580786      
121         -111691.84082915388      
120         -104044.68889460465      
116         -95076.060714560546      
111         -85679.30054935487       
116         -98692.922306016204      
111         -92253.920037441218      
109         -87919.275401563209      
112         -91247.590433612975      
107         -80408.424280628155      
114         -99511.141980779532      
126         -119166.55150090839      
129         -121011.08224905514      
131         -124008.09942981479      
125         -117210.42744543809      
126         -123281.08532744058      
129         -125693.90001643801      
135         -135858.00501052407      
128         -122767.13406356575      
132         -127687.88539898919      
134         -135604.49220699741      
125         -118880.68847851786      
125         -115682.05489194809      
125         -114002.05798189118      
128         -123636.91807830991      
125         -116353.91272628981      
128         -111134.17653522044      
124         -102691.84885865287      
125         -108465.76979583493      
122         -103606.60365588048      
126         -105064.57063502805      
123         -102844.60863614683      
118         -93777.817408216011      
122         -107439.87707952471      
123         -107950.85671706106      
129         -121878.41727043482      
127         -114808.75901780486      
128         -122683.05906365637      
130         -119281.50107015538      
122         -106543.13066881557      
124         -109363.34347258895      
122         -110513.5773764309       
124         -114025.55238622395      
120         -107032.44101871055      
119         -105848.13002006298      
130         -126596.75620312976      
128         -125460.37619894749      
128         -126364.43268100059      
129         -122540.87996674294      
125         -116232.51875147583      
132         -134749.94070090563      
129         -126733.57103650781      
129         -125057.19529760446      
118         -96567.988096151385      
121         -101721.36094326345      
120         -99270.079740326895      
121         -109581.72879499137      
124         -117810.92305709599      
125         -120862.24736078398      
122         -114619.93646733406      
126         -121139.93641094236      
122         -104515.83701804838      
121         -108235.33936381181      
123         -110512.86529185054      
124         -111494.05236235759      
120         -113734.04474565471      
114         -100504.90162715854      
115         -94801.368660829743      
124         -112064.76973916189      
119         -101838.28758385846      
116         -94904.586972194404      
121         -106757.03170863033      
121         -102108.66923466965      
122         -103250.93363417612      
117         -92939.488953221648      
116         -92205.855400000466      
117         -89683.936834431923      
116         -85702.562999061542      
120         -91872.345298975793      
120         -93073.216822163638      
125         -103037.40688974793      
118         -92065.120755128184      
116         -91164.187372877554      
113         -89478.183839814868      
116         -93643.686003906056      
113         -94889.257927195664      
121         -110167.3732171576       
116         -101220.51965086377      
109         -83999.708863706153      
116         -87943.700704572897      
122         -94405.956860889855      
115         -84727.012858472663      
109         -75387.572601547028      
109         -78300.22376207904       
114         -85352.38733400745       
117         -92759.595962284744      
116         -88884.961409091207      
115         -86291.209049092489      
111         -81990.436326905692      
114         -86710.060342610945      
119         -101226.02483051005      
121         -103261.17932471768      
120         -104755.24065372006      
119         -97801.888866406181      
121         -101021.8546747033       
123         -104053.61867835731      
124         -104425.82988051555      
117         -86837.783935302024      
114         -77197.129243466028      
110         -76361.225854376273      
107         -77095.14961402012       
108         -81739.591380801852      
111         -86367.153679784707      
112         -83704.587490539576      
116         -94260.243792389374      
123         -107640.289297215        
121         -106586.92508749339      
123         -109244.26848137309      
124         -115460.58174490501      
123         -111144.1128497773       
117         -102199.03181256836      
124         -115314.1853297246       
128         -122828.10841975853      
126         -118324.94030644414      
128         -112825.12344108906      
129         -120447.18503483369      
129         -123034.04022506104      
131         -122723.86940163649      
128         -123304.23587257086      
126         -116339.95345193885      
120         -106200.11309460021      
117         -99972.040422353151      
122         -112699.02696807492      
125         -114651.28667571182      
125         -114313.84912945982      
128         -121090.06708103922      
125         -110952.80530563502      
123         -104067.61999751578      
115         -92953.605500486112      
113         -87946.780522846704      
109         -78275.859887558981      
119         -97137.980688820302      
122         -103321.49080692137      
126         -115416.28534013842      
120         -101304.62563747771      
126         -110180.17470332488      
123         -102167.68350254204      
122         -99852.784431813401      
119         -99053.310748083561      
125         -109984.19471477445      
128         -115203.1099993783       
120         -95866.864781335535      
119         -93621.139913201958      
124         -103562.74299649874      
119         -97552.658682857873      
125         -104339.97229742576      
126         -103289.78637638297      
125         -109009.74072457032      
130         -120167.02043057467      
128         -120501.24189798118      
134         -134484.84464315456      
131         -130554.84216672591      
133         -130296.77060775019      
136         -138450.72319300807      
136         -140268.32524447341      
134         -137312.58808661893      
131         -130964.255931597        
128         -123621.20678829428      
122         -107597.41846626496      
119         -98754.845501569318      
122         -105840.14151652559      
121         -103266.57633746449      
125         -108376.52997123591      
120         -102033.71471974143      
117         -94076.893115479397      
119         -100251.0847774726       
123         -106750.92812924965      
125         -110410.08367238849      
124         -109310.40668290923      
126         -112367.18781214295      
124         -113034.14108222874      
128         -115297.93702517441      
125         -107570.36921551006      
122         -101909.91426642916      
118         -88481.996640586905      
127         -114658.4828538868       
126         -115701.87788590947      
125         -119348.84931911099      
129         -124400.14687249319      
124         -116488.47836692457      
129         -117425.07918358035      
130         -120394.2515096792       
125         -112410.71211652312      
119         -101358.74046121554      
124         -108955.88669690114      
126         -108520.70561947161      
128         -113797.9045783623       
123         -108913.42510186511      
125         -105028.78970766717      
121         -98125.190168022673      
115         -81398.205830850522      
122         -98164.171841629883      
120         -93984.298198640012      
126         -105833.75673535746      
123         -107569.00604766575      
125         -109673.74518772795      
122         -107708.1656142484       
124         -110357.08242573164      
125         -109695.22776648069      
124         -106695.29937105731      
126         -109749.00641479669      
128         -118069.93291018586      
128         -115661.01645466342      
120         -105571.16999312818      
128         -114286.00069127913      
128         -116941.57788069447      
130         -118370.41700826895      
129         -122745.69298218959      
130         -124561.16543862117      
132         -131443.62216157329      
133         -130647.47540005032      
126         -113739.58465597391      
129         -119228.17112190434      
128         -118735.33942993029      
130         -121178.68067635273      
128         -119204.14986866724      
125         -114696.34558050227      
127         -115157.63016764335      
126         -105724.04351598346      
123         -105801.43969259523      
126         -115649.52706036021      
121         -105897.53896392082      
123         -112495.26161532175      
129         -116773.22815441918      
119         -96778.352413840053      
118         -102230.22387007801      
124         -110091.49805689984      
127         -120292.66360721942      
125         -111678.52439169709      
125         -112316.35918518927      
127         -115094.35603555337      
124         -112350.82733594382      
120         -106302.33736042245      
121         -108448.89331816694      
119         -103831.21339226143      
110         -89354.704444297473      
123         -110142.8925260047       
127         -123277.82599485775      
120         -105928.6977054546       
114         -91038.153394570603      
117         -97241.379921547283      
122         -102541.97492856147      
122         -102372.18186767033      
117         -90280.470608012489      
120         -92982.562851539769      
124         -105190.94120017445      
120         -101042.17925945033      
122         -97914.354841492517      
123         -98905.54139098688       
118         -90004.790569768869      
124         -101385.69854029955      
125         -101196.16804604634      
126         -108128.65402819855      
121         -97025.306973928236      
122         -93337.646979125842      
121         -94080.141242539437      
125         -103369.92286062066      
128         -115024.52012793944      
130         -122675.24418584572      
130         -119415.39508770505      
126         -107121.3506755702       
126         -113839.66477173948      
124         -113207.06295007782      
128         -120059.75822175911      
128         -122678.87780701203      
124         -113846.88091308926      
127         -123523.79435279507      
126         -121725.48928645803      
126         -119716.38128891343      
123         -114820.29634877788      
131         -124401.89300088231      
131         -126203.86543778205      
130         -125677.79236476561      
125         -122225.83875919392      
132         -137424.21717566598      
127         -127071.8352973057       
129         -125527.21456712009      
131         -128616.47342499823      
133         -141043.79707119937      
132         -138279.24519729274      
130         -131479.44980588864      
130         -135263.14531323212      
133         -141447.19693260078      
134         -145813.20769834169      
137         -153899.63868083022      
136         -145128.03672753292      
138         -150643.21443309324      
134         -138616.46239699118      
136         -147635.85353597577      
134         -142378.42668409011      
138         -150812.01774213745      
136         -143419.59647250484      
135         -138777.96659363701      
134         -136887.81452915369      
135         -136339.44137115745      
132         -126583.39708588007      
132         -126142.75208414401      
131         -123940.42250656594      
131         -123919.23255651876      
131         -121021.90506164776      
125         -102361.16671488475      
127         -104489.51904648074      
123         -98850.654051599413      
120         -95915.213260133693      
126         -103141.24448808524      
126         -109993.42001272622      
131         -121007.91779656483      
130         -120190.82387822778      
134         -125385.76581693887      
128         -113911.29922198431      
125         -109618.386972219        
125         -106862.31865235456      
124         -103805.20253979674      
122         -97094.80942263121       
130         -110159.40658795672      
130         -109122.86047044587      
125         -96868.968726947816      
123         -97804.356746542398      
124         -99193.171332873811      
122         -98811.280067515108      
120         -95028.846851718947      
123         -98938.560294008304      
127         -108649.48250389664      
127         -110836.39623879411      
125         -106681.12920257126      
126         -110851.28878688651      
126         -109406.80468034463      
122         -100244.17031339195      
115         -87470.031319111717      
113         -78532.672066502695      
119         -94505.569349743047      
115         -89395.450662791292      
124         -103804.83418954062      
124         -104449.62642446026      
121         -94769.100979088093      
124         -100787.04582869957      
125         -106305.70236955708      
129         -112233.31037978962      
125         -101279.58667021501      
122         -98655.500462192475      
128         -113406.89450306358      
124         -107533.64279172083      
125         -110439.5677116497       
126         -114540.11885990147      
129         -122235.46808821052      
129         -120837.65665922608      
125         -108666.07928577022      
128         -120750.35994528982      
130         -127451.92337924552      
132         -128774.84589346888      
119         -105426.5827749427       
132         -128844.37553168749      
136         -139992.30830987421      
136         -136840.15228977584      
134         -131534.04196565805      
130         -121444.47802576426      
136         -135784.7688706191       
133         -127269.65750687268      
136         -133543.18843628696      
133         -127455.80086926304      
132         -128390.06137330737      
134         -128833.37340646928      
132         -127152.06817405514      
129         -118969.68873349323      
123         -107525.5124433514       
120         -105967.12008870288      
127         -115772.04236457618      
126         -115958.51890735606      
127         -114628.29226490806      
128         -120392.65933288107      
126         -114145.06877461022      
127         -115212.21181844047      
128         -117076.13198607674      
129         -122510.96617399441      
128         -118019.98598875207      
129         -121048.67915170474      
132         -121481.35480265925      
126         -108335.90384838506      
129         -110184.08545073966      
123         -99013.847571728809      
120         -97180.373746921527      
121         -100477.06674097244      
125         -107441.53164497626      
120         -93939.411438591284      
128         -108633.90215630224      
128         -111301.60868281595      
126         -105037.7260891099       
118         -94805.360905560985      
117         -96075.975681023498      
114         -84578.132220271335      
117         -91872.065049351892      
120         -96627.51743848942       
120         -91977.219383886302      
119         -93857.327788573515      
119         -95609.490760733766      
117         -89774.046296145607      
122         -106045.7298322104       
123         -111421.33988716129      
125         -114745.26817341057      
124         -112905.31640925049      
124         -113245.83710521745      
127         -119567.01728175009      
128         -123375.34565216294      
127         -123577.60670065245      
128         -123578.22286824026      
120         -103150.92112896814      
116         -93760.253607786857      
115         -94851.624423512359      
114         -91735.190297812369      
118         -99491.897510300856      
114         -87884.450376481109      
123         -104559.29051347382      
126         -109226.55966406995      
125         -103597.75333460372      
123         -107481.23623369647      
118         -93759.3525342457        
122         -104307.88923970335      
125         -102704.82644305867      
125         -104016.45865490707      
119         -96332.27057834329       
124         -105868.29600755748      
127         -116989.89615083887      
125         -114342.23426495402      
131         -127417.46836908394      
132         -127928.09212629721      
128         -117975.61052044446      
122         -108107.46128665302      
117         -92309.729342448656      
125         -114076.43739236127      
124         -110658.07700251028      
121         -107459.53960545796      
132         -130563.8314611442       
132         -130544.7198138205       
130         -127520.94415530429      
127         -121999.21031952469      
133         -136739.46123156749      
131         -135363.62115616072      
131         -137760.63077372336      
131         -136835.2346744659       
132         -136226.16381325782      
133         -139047.62392081262      
140         -148632.73554631913      
134         -138367.81844521782      
134         -133388.61246083441      
134         -129997.6175017597       
131         -121686.61771685032      
130         -117694.77806775416      
131         -120570.46878032511      
131         -117161.40493346893      
134         -121605.59382256848      
129         -113520.09402030746      
133         -126949.74331284234      
129         -115320.28230055353      
132         -124840.78270924176      
129         -115922.01971654332      
127         -103896.58043364447      
128         -111216.83268741803      
130         -122879.09429967472      
127         -117799.12781124927      
125         -111868.12201581478      
126         -112481.93712517778      
126         -108386.97005894622      
124         -102167.28387961703      
131         -122421.78757353092      
130         -119482.92728047044      
124         -115523.06082140291      
127         -121460.86121273648      
120         -109540.7357910431       
122         -113232.49114501898      
128         -120747.76322610216      
133         -129259.89619015431      
131         -123855.63365388215      
134         -133110.68929663481      
129         -124480.79496814239      
124         -109383.46500918886      
130         -115607.24398081485      
132         -121419.81752227814      
129         -118234.68068049547      
124         -110891.56455749494      
122         -103256.48527045135      
116         -87865.671725854132      
120         -96293.583669374115      
122         -103646.05188638975      
130         -112094.94341589707      
127         -108223.3418380246       
124         -103327.01015974497      
128         -117672.72196672024      
120         -103981.80137002531      
124         -109546.1391914844       
127         -114091.48240578601      
132         -121756.79445320324      
126         -113181.94554894118      
122         -100202.61189578332      
127         -115322.3844406889       
128         -124665.33835837772      
129         -129778.00249349851      
127         -127221.16542032539      
135         -143762.65895572511      
133         -139784.47389325034      
135         -146412.32155058105      
135         -141061.79454806587      
136         -145735.22565784349      
139         -155112.38954825178      
133         -143473.1716437313       
138         -158611.39904925606      
141         -163565.14487671119      
142         -165976.24578989614      
139         -159470.78367161006      
139         -154850.81486029935      
140         -155068.5654309915       
140         -156341.4546230227       
137         -148956.7562088116       
134         -143520.68606346758      
134         -142578.46967646427      
132         -138778.29600961853      
131         -131489.48086577209      
127         -126866.73250196128      
130         -132863.05943965886      
134         -141223.33275455964      
132         -139456.49419335014      
134         -142040.89313722379      
131         -134745.05234028891      
128         -126558.6359383291       
138         -151267.96745610461      
139         -151272.31602976963      
134         -140286.21770021319      
135         -140590.32844097141      
134         -134849.98667641339      
133         -132325.23774261316      
137         -140363.72011336271      
141         -151468.40216345989      
139         -150156.01449089614      
136         -141573.93700203285      
134         -137433.07475702546      
139         -151908.79628280681      
138         -146038.68223370926      
135         -137936.64790233324      
137         -143538.42540924464      
135         -140934.2561613266       
132         -135452.10284089015      
137         -145515.82039847155      
132         -137297.1328174533       
136         -149444.61008095517      
136         -142817.14264105016      
128         -134930.65113387335      
130         -138272.4773829917       
134         -144882.01807110256      
137         -150076.73143705455      
125         -131293.9055962532       
126         -131006.13516652197      
132         -142298.36720814227      
128         -132371.30204565023      
124         -123431.01456472871      
125         -127287.33225999068      
129         -136280.24177521333      
122         -122409.85979916756      
123         -123760.49164550842      
124         -131563.23513173359      
125         -129703.45464519595      
121         -124109.99645276139      
118         -112745.21834340398      
127         -125223.46630466064      
127         -124440.93852389247      
124         -124067.14630069435      
129         -132047.29438715577      
128         -127094.03154315654      
130         -135698.6046372588       
130         -130465.52602196536      
129         -124555.78109714255      
124         -111461.01860550657      
129         -120972.31686148224      
125         -114740.56065221778      
120         -103932.12338702648      
125         -107264.38494980191      
122         -100821.85486274243      
128         -114959.00984472019      
128         -114179.5840491424       
128         -116231.66947504744      
131         -123420.98659905513      
131         -125608.20600424748      
127         -121993.53473530168      
127         -113992.48572349538      
120         -93738.983317812585      
122         -95768.635134454235      
117         -84444.123788868426      
108         -71913.651217867606      
108         -69831.842275946008      
116         -86704.315659796484      
113         -80938.904269331688      
111         -79851.98471819461       
117         -85297.871274456367      
112         -80482.037515280768      
119         -92818.23245113634       
115         -84773.448164100613      
113         -77420.679231901158      
110         -64568.002964436651      
111         -72522.682200213036      
117         -85043.100755021907      
122         -99198.756740724479      
127         -111248.56642116461      
125         -106778.74306453008      
118         -95365.265557406703      
115         -81899.804777963102      
115         -82237.040076818055      
113         -84568.297110150321      
116         -88261.411122368736      
119         -90203.757355184091      
124         -101112.13167709153      
128         -108857.31003904835      
126         -107797.55009698283      
127         -108424.04290344629      
121         -97297.548401717941      
117         -85406.81625097683       
126         -102629.40528506337      
128         -106419.70345656038      
129         -112376.21613139173      
127         -110314.69689540344      
122         -104491.54189494459      
112         -93279.476732785959      
117         -103409.31825433967      
111         -98498.735919750412      
120         -118082.41849193322      
119         -114188.90642548159      
118         -110646.59650042071      
115         -102537.11908566554      
116         -108877.40017786794      
116         -109784.60505853264      
123         -117506.78429365167      
119         -106627.95861685243      
118         -99241.170075047296      
124         -106218.99499950395      
116         -96437.73912985831       
109         -86144.628450291289      
108         -85550.171503844715      
113         -87402.082661778841      
119         -99997.510772326219      
123         -110347.30435525073      
128         -114659.77654464197      
121         -105108.13159756639      
116         -97764.751079743612      
122         -107110.35661532008      
119         -104685.61606653222      
114         -94342.483783783668      
123         -109475.67526170041      
124         -114845.07624825489      
122         -106326.68719643846      
118         -96427.746965803119      
123         -100631.84940016599      
115         -84303.007571654365      
117         -85312.473904836617      
115         -77908.629352623058      
115         -81905.757036752271      
118         -95269.272803058819      
123         -107740.73850118561      
126         -114705.70016130681      
131         -124288.74311507354      
136         -133471.73407823534      
135         -129010.85268404309      
129         -120155.2237656003       
127         -113784.76605513218      
132         -120295.54608622263      
125         -103783.98928650493      
125         -106649.85061750993      
120         -97948.178455322661      
124         -102425.93176603323      
121         -98809.41401022709       
123         -105595.18704330786      
127         -116343.19796981799      
131         -124267.9783593474       
129         -124007.05425648591      
129         -121658.39113680161      
132         -129201.26806428417      
126         -115092.44038890579      
124         -111516.39510611893      
123         -107702.4822320473       
121         -101186.78563390751      
120         -97764.444781625498      
120         -98276.083284695123      
120         -96088.914141128844      
121         -97496.475000005492      
114         -88245.191712931613      
119         -88057.746281460742      
112         -88252.921035113919      
115         -92908.892231906997      
119         -102717.00985073505      
117         -96767.658200383696      
119         -97911.553485613447      
115         -87171.692816643015      
115         -86352.83666344409       
118         -97543.218374010205      
117         -92247.990973945401      
117         -89103.483658089564      
124         -107705.66121230542      
121         -100628.19598841488      
125         -110773.11285096579      
125         -105645.72799323173      
128         -110622.44252505657      
131         -120417.54873441238      
130         -121941.21974945421      
127         -116864.20546594489      
124         -113747.03394297537      
129         -123381.528522354        
126         -114347.58688989277      
129         -125565.32639637588      
127         -119312.84380296707      
128         -118776.81296360298      
122         -108615.66771983037      
118         -99713.052048063691      
123         -111754.58169296436      
128         -120900.96665861452      
131         -124498.557279331        
130         -122178.42697189155      
131         -122396.99501894522      
131         -120540.11761053951      
135         -123056.45146679506      
134         -115524.74309238586      
132         -119102.49875158537      
129         -117269.83943708183      
131         -120025.29356726247      
124         -104794.90376106597      
134         -123404.73354955764      
134         -127002.19321759912      
133         -128110.63847201063      
130         -119299.97273078699      
137         -131800.26340637586      
131         -117865.87726975187      
128         -107989.77975582078      
135         -131076.01885855696      
138         -132371.76302917328      
136         -129110.81509782886      
124         -98120.572494280088      
131         -113568.61968934401      
127         -105306.70664687481      
125         -99659.85452938838       
130         -107358.70664384137      
127         -100859.00442207232      
120         -85184.097707820969      
122         -93239.514209626766      
129         -109576.73687442484      
124         -94212.691076731833      
123         -90862.437114322413      
122         -90165.910308602062      
114         -76380.593029058335      
115         -75093.484160275257      
105         -62364.348383464232      
116         -83850.245415413345      
113         -83995.399548297501      
116         -92414.591593930963      
109         -78044.435502300636      
114         -87401.242553924443      
114         -89206.163788653532      
122         -105595.28258983008      
126         -114801.06866412223      
130         -125529.41549858365      
128         -120525.70162458543      
127         -117523.71218491117      
124         -113411.09163235678      
125         -116915.12087341536      
128         -117675.14384909236      
125         -115492.28525388789      
124         -111052.55947531041      
127         -118522.24180565063      
127         -116674.02459728901      
129         -115545.25926483843      
128         -107551.6393854866       
130         -110390.807937898        
130         -111441.98321659127      
135         -128128.46401813203      
130         -115080.91706247695      
134         -122443.91029778594      
130         -112970.33144241295      
129         -119323.49852238419      
129         -117641.80046709377      
130         -118860.57003330656      
131         -114252.79664722024      
135         -124022.70552241402      
138         -130713.4109680461       
128         -110589.60269618171      
127         -111379.32525785198      
123         -101201.31057308981      
120         -89781.239639206411      
122         -98223.469038760406      
122         -101246.06650645324      
121         -89298.921635395105      
115         -80527.363497602404      
123         -103249.79840337455      
125         -105718.06675031086      
120         -98119.663210120008      
119         -100512.75796075891      
117         -97034.994066697094      
118         -101622.75047832631      
112         -94134.027633510123      
122         -105028.86628784251      
122         -103845.43623633269      
130         -125077.80150025368      
133         -129598.17474289238      
131         -126449.55350224632      
129         -119126.6992407464       
133         -120306.52073507389      
135         -121781.95891948555      
130         -107943.46987594639      
123         -93928.31304497493       
130         -107199.832915832        
123         -96470.923888473364      
120         -94158.054865794198      
129         -110511.81668613937      
112         -77873.756162579375      
111         -76593.691465185606      
114         -81662.561088418151      
119         -90471.986262512437      
117         -85540.588401046611      
122         -95115.120059448091      
124         -99389.276867934997      
122         -94409.190661504908      
124         -103139.886188712        
126         -112909.01266000028      
123         -105246.08919263342      
120         -102449.57235972161      
116         -92562.347170656241      
119         -97535.866184599887      
118         -97125.741566867247      
124         -105249.53549130133      
127         -117669.51234619079      
133         -131244.52874931501      
137         -143112.48948780014      
139         -149853.60205497794      
140         -153556.10075390071      
139         -151941.06859163867      
141         -156488.52437657444      
141         -157223.02475292716      
136         -141433.87656375725      
137         -142634.4573391247       
140         -147007.94149907419      
135         -133931.8710952806       
136         -136139.2585870935       
135         -132494.58131747288      
136         -135204.92418784383      
134         -132980.7813275535       
130         -118608.0950967746       
137         -134319.04052309567      
139         -141126.78918439135      
136         -136268.74912149011      
133         -133315.88936665817      
130         -128111.9183698992       
129         -128595.94532045156      
128         -125389.71730421713      
123         -114448.98907633471      
117         -101075.14920054431      
124         -112980.68528109381      
126         -117986.66088335999      
132         -128919.74886630266      
126         -121002.31166711311      
121         -107058.80460178325      
126         -115849.15731676998      
123         -105280.83861435439      
123         -107850.25584343767      
121         -107682.88002948709      
121         -102045.61119827614      
125         -109531.81712600606      
126         -111840.1395684607       
128         -117290.52286865134      
124         -108615.84299539012      
123         -105658.62972802106      
122         -101816.89238432038      
121         -105190.11078955508      
126         -116453.21911113897      
129         -122890.17163174028      
131         -126722.98087448016      
132         -126785.09124376465      
132         -132084.59343502391      
128         -127305.03654120202      
125         -120270.34835596591      
121         -112424.71228790395      
122         -118347.88445323051      
131         -136454.36895043764      
133         -142024.20152852626      
130         -131479.14149756246      
130         -127968.20908954767      
132         -135258.01923454044      
132         -139013.7427051808       
127         -124703.78230767166      
124         -118844.24317424672      
126         -125559.41863561426      
130         -133989.63829497164      
135         -142480.31961404698      
130         -129687.2472719967       
127         -125141.50311191262      
131         -137586.4163987803       
132         -135194.20048676693      
136         -139515.46938117381      
134         -134056.31387168169      
134         -133907.4220343848       
134         -124032.95742908696      
127         -119236.01720269443      
121         -110685.39969910253      
123         -112029.03556086621      
126         -109334.94666786246      
118         -95200.226976854465      
123         -107543.40075010197      
123         -107132.15943229733      
119         -100419.13996385447      
126         -121051.09226319363      
129         -131643.67779508219      
133         -141666.12685974565      
128         -130329.86216409469      
134         -147537.03237045155      
129         -135930.44555209496      
133         -143278.44863705951      
132         -138912.28048656264      
130         -130188.01718576648      
129         -131194.40006750639      
130         -133242.3928014549       
133         -140425.60545105982      
134         -146686.44276169542      
136         -153692.29800873887      
135         -148530.68318964011      
135         -142949.77639517229      
136         -153124.64957911332      
133         -148922.82243531887      
132         -141570.19505501873      
131         -139695.72112048598      
123         -118089.37814022216      
128         -123061.72641041034      
128         -125014.6547267909       
124         -112536.92769883375      
125         -116388.82146768499      
121         -107874.68189500435      
122         -107968.19616683548      
125         -115087.94239969096      
124         -110683.32392299612      
127         -120596.79644778161      
123         -113015.98950139788      
122         -106978.22985386616      
126         -115527.47049511221      
123         -110110.02324681563      
121         -111162.62980768054      
123         -113224.63750204074      
125         -122795.14640476443      
129         -123818.60643034814      
128         -124861.21958581178      
130         -127003.65783963895      
131         -131642.48133625431      
130         -130564.78586540816      
132         -129599.68823550141      
133         -138349.59734543297      
134         -139147.64672270042      
132         -132820.48778189064      
122         -109949.77615932527      
125         -110033.78685325658      
119         -102227.65989113715      
122         -99680.171788735199      
122         -93173.10018311067       
126         -106212.53140345697      
126         -113364.83673967925      
129         -118481.9924573739       
121         -102156.35555612342      
119         -90104.623355967371      
123         -103241.14226156489      
128         -118566.77777437461      
127         -114898.94245449209      
118         -99921.053081868682      
123         -108298.726326879        
118         -97115.483873983729      
121         -101379.75283446276      
122         -98970.940924388109      
121         -103764.50819592718      
120         -104811.15892420229      
120         -100998.16768787292      
120         -102315.3850611157       
120         -96261.845096097924      
116         -89634.300319719914      
112         -90810.385251536616      
121         -112064.70261002798      
121         -113137.08915914026      
123         -116248.75292503685      
119         -106190.53827444337      
123         -117126.34761342153      
117         -99883.910098037944      
124         -115326.51401241971      
123         -113981.44792051378      
124         -116074.37747527706      
129         -126189.51264371919      
127         -120994.24763021906      
127         -118378.22598035166      
124         -113129.13620555782      
125         -113636.9395544186       
120         -106122.53430346565      
117         -97805.912821748745      
121         -100753.6163836911       
121         -108819.48707813912      
125         -113269.41654678709      
122         -110650.8233518441       
121         -110164.38280045932      
119         -109999.74584651663      
116         -106077.61765299703      
128         -125502.38215733576      
123         -114722.31031547853      
125         -121375.96435070291      
122         -113145.6687801096       
125         -114252.85435307647      
125         -112412.62338843694      
125         -108588.64300102839      
116         -94403.694541796693      
124         -110737.54010339128      
122         -107424.92092036735      
123         -105391.26997503317      
122         -112378.17908613465      
131         -129951.5350410008       
129         -117574.39262515125      
122         -103807.42419765881      
127         -115553.3980119262       
130         -116153.88932064171      
129         -117513.56652433806      
127         -113999.1334532084       
126         -108813.72394705763      
123         -105102.19088400122      
123         -98118.697186201607      
119         -95695.440445918823      
121         -100170.01867568165      
119         -97490.083906835818      
114         -85821.856045105946      
122         -96445.028956858267      
126         -104891.90590345465      
131         -111726.40769899923      
118         -87360.959746138047      
115         -81995.261800105014      
116         -88830.652263432567      
113         -78153.388947525134      
111         -67352.774667457794      
116         -79191.004413038128      
116         -84231.537571043125      
115         -77810.356604649802      
121         -89982.677932790612      
119         -82028.177504100691      
117         -78987.729027551482      
115         -75888.119132637701      
118         -84154.949430401612      
117         -83743.3419960592        
119         -83265.009014075011      
116         -73692.704586504507      
113         -62039.214462833952      
108         -57661.306196746649      
101         -51495.177492704228      
94          -38375.335471621664      
85          -29189.522295927702      
95          -43799.966491737614      
89          -33576.999174457887      
99          -47807.338703645764      
104         -54761.821200118677      
104         -50421.293103500822      
107         -58669.05144011134       
113         -75121.807434782386      
122         -93321.141017223781      
122         -92520.895291714885      
117         -85026.572538645705      
123         -96222.694989254553      
115         -90864.734075556276      
118         -91107.40224581401       
121         -95904.277842507421      
119         -96152.847097069563      
121         -99620.858684904539      
121         -99850.768313452252      
122         -105016.23196516516      
124         -108447.00095120497      
120         -101358.05925288553      
117         -96343.223800504173      
114         -88882.69408254567       
116         -94782.519160895899      
121         -101745.19698702221      
116         -89662.905003608161      
118         -104799.11717528885      
113         -91476.422202436777      
113         -84338.613281225276      
115         -86047.322889316754      
120         -92572.343188266706      
117         -91879.165279513079      
114         -88880.979981984477      
109         -89576.687882065831      
111         -89836.661978681077      
114         -93996.489271025785      
119         -102941.70032287229      
123         -105161.53408951206      
122         -103220.81001463729      
123         -104202.70658888147      
125         -112187.91073976054      
127         -116969.61355176519      
125         -114213.46897128936      
126         -116118.78310449731      
125         -116135.97339889607      
122         -111366.60366180239      
126         -116545.56696281115      
120         -101456.36612968499      
121         -109319.64593761803      
122         -104176.71228268158      
128         -114235.79736686507      
121         -101295.15576081205      
122         -101267.94159779891      
120         -98800.325971816172      
124         -107567.39550987285      
118         -94372.052843650279      
123         -101856.71197550608      
121         -101000.3378363446       
125         -111958.16748377882      
120         -101130.18105069135      
115         -93589.122459395658      
124         -110043.99031613933      
124         -112989.54924956441      
122         -108694.55086304591      
121         -108744.881923954        
113         -96855.667859743757      
113         -95064.404654600832      
118         -107830.69084370296      
116         -105075.84457934805      
120         -115687.88018729787      
128         -130110.08530822434      
126         -127637.84145883124      
128         -129236.52696603819      
129         -133429.66537947793      
128         -136893.21167542523      
126         -133075.37318294504      
123         -127994.32428021172      
119         -112535.05343381772      
126         -122084.89012226253      
129         -129400.36626913708      
125         -120606.90418731353      
124         -123038.0047615206       
134         -143213.88993385324      
134         -139396.49493448902      
130         -129768.37470222219      
137         -146989.55409884683      
139         -151455.03209281151      
138         -158413.90491296892      
126         -124920.26068939999      
123         -121033.5229842176       
123         -119313.86668184392      
130         -133406.51143030205      
127         -121251.6813294914       
119         -108076.50371911412      
121         -114011.99745480933      
130         -127642.26451091023      
122         -113614.92161202025      
120         -108327.84419685221      
116         -94993.693869376162      
125         -118728.21639168328      
131         -130715.85356925263      
131         -127994.84854734133      
131         -129366.22306632517      
134         -135702.16304364489      
130         -129130.37681411939      
131         -135257.31820165087      
129         -128076.2567704106       
128         -125523.13325269849      
126         -117632.66045806259      
131         -121957.05064118843      
132         -120417.19293089953      
129         -114266.07962736467      
130         -118011.78692681761      
130         -119513.44695487572      
129         -121338.54864102148      
129         -119312.70934624737      
122         -103965.22340260145      
122         -101914.28390103385      
125         -110221.27258611347      
126         -113671.5103422621       
128         -121064.11041804872      
133         -129756.49275820599      
132         -134921.35629241512      
134         -139445.59827956237      
137         -147657.79903882637      
132         -137968.81685581201      
134         -140885.32453404902      
134         -141195.03102610027      
131         -132410.11349877258      
128         -122081.23248057978      
135         -137110.2082207214       
123         -115097.15049746532      
128         -123630.85135300754      
129         -118562.23079275643      
124         -108277.12787437599      
118         -94096.290864539624      
120         -101025.84848195125      
121         -100596.80519964214      
119         -101362.03893902054      
119         -98129.525935475773      
114         -84903.873475163098      
121         -95118.233640351929      
118         -99652.272436922911      
121         -104289.95249467655      
121         -103870.99612686147      
126         -113617.3753461775       
125         -113304.55019202185      
130         -122190.99827299989      
126         -111331.92161557009      
128         -117896.8473463213       
124         -111277.38114594965      
126         -115052.8567113165       
122         -106144.56411789745      
116         -89423.623316576457      
120         -97194.988521265856      
123         -102941.20686443572      
118         -101662.69401711173      
115         -97602.310819533392      
121         -110402.05131942611      
125         -121059.47645091459      
118         -102630.1181755256       
125         -114911.09413843573      
120         -106734.60885013231      
116         -95981.359485820823      
116         -96572.303738959454      
122         -107562.84754663375      
125         -112785.47248722798      
123         -106882.74689796098      
119         -98962.001815676354      
119         -97789.798805723403      
124         -110182.97179798217      
122         -106623.03015037038      
126         -112033.72479160901      
130         -122447.6302605887       
123         -107722.81261403068      
126         -115344.38240828681      
125         -111063.04996004964      
124         -105747.88619955748      
120         -101885.65872251141      
118         -89538.837782600109      
118         -92636.625058507023      
121         -103271.99185556291      
121         -101689.39590603029      
114         -89820.162049531078      
110         -81967.480452452495      
107         -71089.235466070342      
113         -84881.543859104801      
117         -95584.766067164514      
119         -100692.59328276663      
125         -115541.34183300994      
126         -121330.86044409039      
121         -108652.09802364279      
121         -108698.1377118489       
117         -101787.82078974585      
118         -99971.147343567223      
118         -96014.940056715364      
112         -83653.449226367593      
119         -99083.554535759729      
123         -111490.72147454371      
134         -137505.80481637976      
132         -132478.24923348086      
134         -134963.45563143364      
130         -129238.69664301688      
128         -123423.12989874516      
127         -125057.60838083019      
123         -112544.07421198575      
125         -113453.74323147209      
126         -113253.51363553765      
125         -113560.09833964476      
127         -116016.26310601852      
127         -121656.91117775789      
127         -121173.6064969296       
124         -112661.34594205732      
123         -108822.69423545395      
122         -110533.36422068863      
128         -124079.20292222733      
124         -115129.22661390924      
125         -118240.87154164148      
126         -120240.79047904229      
127         -126551.44119936616      
127         -130899.75275387855      
132         -137130.73368134099      
129         -124390.72748605374      
125         -112502.01865853826      
126         -112902.69808024951      
130         -121866.30339114959      
129         -124003.75260465191      
125         -109560.59460622192      
125         -108140.60619185475      
120         -92228.656502910482      
116         -86266.963854793008      
113         -82034.86083222591       
124         -102827.93119852009      
129         -111362.15542142309      
129         -107691.04411324473      
124         -100534.46368601194      
129         -112954.01930551858      
129         -118391.40409072852      
134         -126552.96708732557      
134         -126082.89546222835      
124         -102016.6913234581       
122         -102643.52560541038      
116         -89561.066645956147      
118         -89961.590494097618      
115         -87055.694133222278      
117         -96183.39708752319       
122         -103130.17463830936      
126         -106534.5062184291       
129         -111327.31295540473      
128         -111584.92553225887      
131         -118956.09271190831      
128         -110835.47336831674      
129         -110124.49649353186      
127         -106048.83606747586      
125         -95998.907321775347      
119         -81509.419719409561      
108         -65502.312563314408      
110         -69593.886496527964      
109         -68531.090127284726      
109         -64773.122263740748      
114         -75081.911037089623      
123         -94917.230512102411      
120         -95662.969937453425      
124         -102011.46296862772      
123         -103659.09245807219      
128         -116218.50664216778      
122         -103456.63522801173      
125         -106986.07709127694      
125         -103563.45776865327      
127         -112462.30004518994      
129         -119397.22014079407      
126         -112568.54230990958      
125         -113030.06576508826      
129         -120817.04767597307      
129         -118040.32974129464      
132         -121501.45332682415      
124         -104638.2657780936       
124         -103643.20988240381      
120         -94546.733876451181      
118         -94171.291590978479      
123         -106960.01811931292      
123         -100830.83843863763      
118         -97173.086851307336      
114         -84555.296588281868      
116         -87177.547465292781      
117         -98520.988044026642      
120         -102501.63829802097      
121         -104702.4195388129       
113         -86464.460822667475      
111         -83181.31549738493       
111         -79286.483362192666      
113         -83534.638525202332      
118         -94356.987146008236      
124         -108742.58385121709      
129         -121029.59477390318      
126         -113439.71209443489      
117         -88584.640945181905      
116         -89721.694957797648      
107         -76685.474458286903      
102         -68025.284612916759      
100         -66980.704229377283      
107         -81407.395388852499      
103         -70403.828731930655      
104         -69977.746715907109      
106         -76129.367523407738      
101         -69600.514406889313      
109         -74801.516421134482      
112         -80198.578339590982      
112         -80977.923800511329      
119         -92272.195261485525      
116         -83832.398868040502      
112         -75229.370650644792      
109         -67676.195040228937      
113         -82533.088826680454      
117         -91806.04084565911       
112         -79057.29878019751       
108         -73326.600102022509      
117         -90351.722874953266      
119         -100588.29733904439      
112         -86110.238920842618      
110         -79015.097016918444      
118         -89241.240951366577      
118         -96133.827066971804      
125         -110172.5251124374       
123         -105064.13459250332      
125         -114586.45650996317      
133         -130826.97655580801      
130         -126393.3337142246       
127         -120625.17091340026      
129         -124610.66335800831      
127         -116375.81742153283      
123         -114324.87533437107      
122         -112836.76168540848      
117         -103924.20478977411      
120         -106193.96741115987      
126         -121528.6112257481       
127         -121790.88843734541      
116         -105754.86746989342      
117         -102742.18745308054      
112         -90013.502077281359      
122         -107209.28874215965      
124         -111288.7397272572       
125         -110779.70940673343      
125         -114811.50029632647      
127         -124495.09214967227      
128         -126829.72343461352      
125         -120047.74593145767      
124         -115525.7100305013       
121         -107168.28855851798      
127         -119052.21145695481      
130         -123727.62116057675      
130         -120404.94213205256      
127         -111652.52389714215      
132         -120217.58972095913      
129         -114674.33648219566      
120         -92517.330061454617      
120         -96849.589694939801      
120         -98700.851115601865      
123         -104888.89080885502      
116         -86237.183941521173      
126         -108653.82234169885      
127         -111768.14846687524      
129         -115513.4529376468       
123         -104805.17692567219      
117         -99164.728787968052      
124         -112586.86274003619      
127         -121752.13523759881      
134         -136563.97434885634      
131         -127299.57934351593      
130         -128906.41152327771      
128         -121349.59568310852      
126         -116010.88012253701      
121         -103462.04262364618      
111         -79155.861080606162      
109         -73925.772990609999      
109         -66907.370670835793      
112         -73475.172109767052      
112         -74831.39906716354       
114         -82022.312466601201      
104         -64629.410867801926      
115         -84108.37438794841       
116         -85483.538563741575      
119         -84607.049762924973      
117         -75928.700438665968      
122         -87197.924549846663      
123         -93532.435271230584      
125         -99316.895301753         
130         -105892.75741741605      
129         -102116.01225013718      
121         -86808.418462046553      
124         -94014.67014160179       
123         -95911.894375638032      
122         -95779.571172372569      
119         -90238.35127537309       
119         -94444.971249432405      
121         -96919.027978618702      
119         -96323.687220580279      
117         -95129.860113956034      
117         -92603.309092646916      
119         -95826.95725135009       
121         -94895.148414219191      
120         -94239.968120594349      
124         -108387.13050477009      
120         -101918.82026500306      
124         -111597.12397377385      
121         -102249.07473311767      
122         -107535.36883897842      
119         -98717.008511307286      
122         -99825.51388106808       
118         -96415.306735838967      
120         -100965.38150814097      
118         -99627.524686644581      
120         -102892.95669659607      
119         -99184.989996116507      
116         -93761.876404376264      
120         -102678.5526781808       
122         -106850.14156441111      
124         -112202.89964776981      
129         -117028.53271341206      
129         -113516.14714415156      
122         -99653.528344846345      
117         -93878.123463512413      
120         -105692.97930006646      
118         -98137.010285699391      
117         -100361.99850889563      
130         -129423.96475995876      
126         -122863.43220657895      
128         -128582.79108884171      
127         -121971.86230324513      
123         -110698.70084516206      
129         -125967.98951268062      
132         -130821.65495709077      
129         -125336.37182701638      
128         -119024.633353813        
122         -105094.38827815856      
120         -103248.76349496459      
123         -106503.90454905473      
120         -97820.121086447849      
121         -95381.07317345457       
117         -85645.125119363613      
114         -81538.140570044096      
114         -79464.53149138132       
109         -73290.534275627142      
114         -80097.409757834059      
117         -84224.654882210656      
116         -81182.272496851147      
115         -82783.487213842673      
112         -83061.643246360356      
114         -87333.652179661934      
108         -79083.956006923559      
110         -78232.612419436104      
123         -97987.900552428997      
121         -95547.704971805681      
118         -90361.632735037216      
115         -88128.894668268505      
121         -108394.7298475628       
121         -108165.29229817318      
123         -114148.07709526215      
116         -103236.89548703056      
116         -103306.35225781075      
118         -104521.07909968199      
120         -103129.89201772396      
119         -97757.530753887666      
118         -98297.089165653888      
123         -111500.51746997749      
127         -112557.21244358613      
125         -106465.77610042505      
119         -96989.626265886574      
117         -92769.953295500105      
110         -80684.198648236576      
114         -85168.109075236847      
116         -90556.709867416255      
121         -102130.8318415886       
119         -96622.767578349609      
116         -94472.229255049417      
115         -88236.99647941174       
122         -103568.53614804891      
119         -93940.717189051938      
120         -97091.471004328298      
111         -84857.690042541901      
121         -100292.29098651845      
121         -97378.67616519233       
127         -109262.15188813806      
127         -108201.42162092638      
127         -109862.70435890633      
124         -106758.11221382293      
127         -112537.22994430219      
119         -95432.286437122661      
114         -86724.797431321625      
114         -89050.467544238098      
113         -84900.947044207714      
121         -91350.586670382443      
122         -99061.636409814717      
122         -99991.709086222632      
131         -121616.49237577627      
133         -125456.69030315669      
130         -123116.62323755313      
125         -109077.12041773001      
120         -97489.475610381982      
119         -95021.307007933006      
122         -106276.53914491041      
125         -114664.11496747706      
126         -120338.91092159587      
128         -123131.52144862051      
126         -122195.4109328045       
129         -127911.98745475666      
133         -134250.67695074723      
127         -125274.5719071877       
128         -121939.2891900136       
127         -115724.58330153764      
126         -112414.88044678707      
127         -112191.80721692587      
126         -110902.30589036817      
126         -112774.34473871955      
123         -108108.19949188941      
127         -114757.37262051148      
125         -112520.96666709182      
124         -110708.66103689239      
110         -82617.895597976225      
120         -96336.287188050555      
115         -89982.66497113787       
116         -87493.919021550682      
117         -92083.316247816329      
123         -95045.269030889482      
114         -82896.767182494077      
108         -77171.603318415684      
113         -79897.249625335739      
115         -86208.301275034682      
118         -93903.33182598764       
117         -88728.324929222566      
115         -89102.621264448157      
114         -87334.063312055019      
113         -92988.47079938461       
113         -95393.460275691352      
120         -111755.31468871092      
114         -99882.717448238924      
118         -106609.8447544892       
117         -103015.79996843249      
112         -91377.446644259995      
110         -82822.698605325568      
109         -81067.031559624767      
109         -80608.888006528054      
111         -83275.93448958642       
115         -96219.267503311319      
107         -80634.486371319712      
104         -72866.125836541323      
110         -81503.205608592427      
120         -100802.06872383667      
120         -105497.629987532        
112         -83946.203897791071      
108         -80785.97333179033       
111         -80581.658171363204      
114         -84012.783427195784      
110         -76246.243019031972      
111         -77006.0699005848        
113         -81289.791311811379      
111         -80758.710529255521      
104         -62044.408884307661      
98          -52426.181885527534      
106         -65204.90877046682       
110         -74993.95316247805       
113         -84191.829714675856      
115         -79470.922423057709      
116         -85798.109850224995      
119         -90082.713006277219      
109         -69997.325872443456      
109         -78877.329281266138      
107         -77127.795947357503      
118         -96531.689488241827      
117         -90589.988653500768      
117         -93890.446199634505      
113         -89055.288704439736      
120         -105556.49875531698      
118         -99849.865214906371      
118         -100215.68691605335      
123         -106514.87019272568      
125         -109252.98019592447      
124         -108127.18961732445      
121         -104268.00123621251      
118         -97749.686506373633      
122         -105607.03251054221      
121         -104924.17693126269      
125         -113368.53062094169      
121         -110709.7242066738       
123         -115966.72203043966      
122         -114851.60314219623      
129         -129218.91072301539      
127         -122892.16236947545      
122         -115668.63605950266      
124         -111378.35994181139      
127         -117695.01682797777      
125         -116013.42630941761      
125         -115298.52573772921      
125         -116647.85230146346      
117         -97243.030178129091      
121         -109477.53232719199      
117         -101336.88970278596      
124         -107662.89831639171      
136         -136945.27043526081      
130         -127845.43189585778      
124         -116793.85983345905      
134         -134508.37390863366      
139         -145289.90652136074      
138         -145121.02888780553      
136         -141428.6800569552       
137         -144621.88223207803      
137         -144676.34738268628      
133         -129898.31932283795      
132         -123782.56771585249      
138         -143301.27580353094      
139         -143027.38281804411      
135         -138794.81227645851      
136         -139309.16434839217      
138         -138198.20704033639      
135         -135077.63646040991      
140         -145506.67882929096      
139         -142628.32995350161      
135         -135787.08037834609      
135         -136689.49423723636      
133         -135731.5050345565       
134         -133621.09270937595      
131         -130067.35532122772      
131         -129296.46642422029      
134         -136484.70790072682      
132         -133226.55603693158      
132         -135048.12577485596      
134         -139388.37272002606      
133         -137280.82436046831      
133         -132765.54164316476      
135         -141289.0103102526       
135         -142070.85944535854      
127         -126691.89294460454      
134         -139999.17665352771      
134         -145066.91590349827      
133         -143505.02595252925      
136         -147424.39628940501      
136         -146369.69606479295      
133         -136950.55848831518      
131         -132817.74334792962      
129         -130864.78613101129      
130         -127920.99368966997      
127         -125630.11622247627      
128         -127920.89704999296      
134         -139832.82386935595      
136         -144690.47282834793      
134         -139112.27514303778      
129         -125465.92347698564      
124         -118867.38440984761      
122         -110092.97658540327      
120         -105519.95482956046      
122         -108524.83085017123      
123         -106842.60747211089      
123         -112083.2956923098       
121         -100570.62217971197      
119         -100402.74750456905      
123         -104741.40010018989      
111         -76171.345170654749      
114         -81673.323996393345      
120         -100723.49157997887      
120         -98385.274466511502      
124         -111540.49953836956      
124         -109928.85079604579      
125         -114159.91470325846      
122         -108670.70680847284      
118         -100409.04818972104      
118         -100671.67918137103      
119         -104514.66547471455      
117         -101751.11192642592      
116         -100545.2479227506       
118         -100422.14403024878      
114         -93973.28453755888       
118         -96580.912668095028      
119         -95039.787954614687      
120         -92428.312984147138      
118         -92523.660587102961      
118         -92833.968604758003      
115         -86310.729177458852      
116         -92895.141656506792      
116         -91553.708539356128      
120         -101906.93173680529      
118         -97531.250020984677      
122         -103772.2637343002       
122         -108566.98762002843      
126         -116956.12041665665      
129         -125829.6488620272       
129         -125831.66405548029      
126         -121329.09842656589      
125         -104736.8392566588       
125         -110112.07300504688      
125         -108792.73346265078      
123         -104014.65988246477      
121         -103090.57125662875      
125         -113410.01502603125      
127         -117879.49177756862      
121         -110230.82418290309      
117         -103993.35109275568      
121         -110540.8575279424       
124         -116878.34778991592      
122         -105024.53253451434      
126         -111182.91326921649      
125         -106790.78414015085      
122         -100181.53064460651      
118         -97238.439208795287      
123         -106418.24043000696      
125         -108310.92934618228      
127         -115450.19521574178      
120         -102735.33458482333      
124         -99565.105810163281      
119         -88391.264678183274      
109         -74463.041549321701      
106         -70093.822508341662      
111         -80166.655781444832      
114         -85356.228833972971      
113         -82523.990735238578      
117         -83508.806968472549      
119         -84338.202642542528      
105         -68877.327442711481      
107         -71840.007179020919      
102         -61862.396407962617      
101         -56576.677733723467      
104         -63081.625096114702      
110         -72185.333316740667      
105         -64556.047673529894      
117         -87696.401031135421      
112         -81419.719204407389      
108         -77486.149309631757      
110         -88028.873481504706      
113         -93932.353368874436      
113         -97750.117908200482      
114         -93363.032885551336      
116         -99349.852394869318      
114         -96302.814616214135      
117         -100934.19952354995      
112         -95064.570523929127      
111         -93359.67018379175       
118         -104576.24200095134      
128         -119813.1828685833       
125         -111692.45551654766      
120         -96252.017729307117      
120         -96558.239590545112      
119         -93724.927372699749      
122         -102145.50885576995      
118         -94826.445315653604      
118         -93543.567131141346      
120         -96581.204588721623      
118         -90757.506799229246      
119         -94855.950638041089      
115         -80995.150625536422      
123         -97376.995645092044      
112         -82368.054496082812      
113         -80439.754002397967      
122         -98311.803549431555      
129         -117036.35197543386      
128         -114634.11634534755      
122         -103562.9480137682       
125         -104472.97119089414      
119         -90907.680535206382      
115         -85634.212482556468      
114         -89970.805462573451      
120         -103172.5655055752       
125         -110917.28939957854      
123         -101204.27302230394      
123         -110892.963349863        
118         -100832.28229153831      
115         -97657.626563152866      
127         -123263.56157700045      
130         -130880.20370015682      
128         -124082.4573563067       
116         -96528.164777749087      
125         -112275.47370597768      
128         -118177.50440363667      
121         -106786.43786702723      
121         -103521.73994835242      
117         -98314.108712789355      
116         -89091.648421784426      
114         -86848.879243438205      
124         -106977.25520954069      
119         -102562.76177023759      
126         -112483.44307281323      
120         -102828.81366450536      
114         -90359.598395394976      
117         -99132.129570748657      
122         -113131.60192041245      
123         -116766.78516675427      
123         -117187.42251454209      
123         -115135.37829396216      
134         -138912.96820393324      
134         -134740.94358605216      
135         -142164.92671423985      
135         -137517.18110928847      
131         -128918.89735686209      
131         -129591.6296751663       
127         -118187.42388948206      
130         -119899.04581248763      
124         -106578.85696200174      
125         -114287.09537434604      
130         -123155.69562375864      
124         -107562.8404638168       
129         -118477.76405814062      
129         -117933.35446268828      
128         -115907.46339228208      
129         -117863.96519295212      
126         -111874.7412978569       
127         -114663.53074832777      
119         -96442.607846691521      
116         -95997.243099889514      
118         -93495.216871745273      
121         -92330.580849997685      
128         -109515.54159914568      
127         -108281.40960549942      
127         -112739.83983325108      
123         -110259.50452685506      
125         -113161.91897323067      
126         -121379.74882029741      
130         -127514.20735350464      
127         -117120.65567045464      
126         -113504.30256904177      
122         -104838.78381167362      
120         -104758.78445441132      
121         -112371.90600979624      
127         -125155.93808360652      
129         -136043.12040592724      
129         -136668.57969022053      
130         -137307.10432436538      
129         -126322.15900539633      
126         -119554.9857024067       
126         -115015.62888986488      
123         -110882.55737697768      
120         -103812.9326182369       
119         -103020.28847100258      
118         -99002.223731104983      
118         -95945.393323572993      
123         -103742.15057080032      
124         -104624.10469670285      
123         -100549.8185545212       
120         -92840.513281659019      
120         -97580.877002589055      
125         -109447.77786232425      
126         -116476.04440506485      
132         -127056.88953286465      
130         -123086.26616035872      
126         -116770.60031519768      
125         -114334.17874147012      
131         -126661.34127478492      
132         -130348.84043956804      
127         -121863.52236149425      
126         -112628.05437376256      
129         -119112.49248452237      
130         -125475.29555080764      
135         -138854.57732177517      
133         -128352.1829004087       
132         -128651.25174883768      
128         -119821.63292206646      
126         -111130.06062753827      
135         -128799.91329133515      
135         -132357.98623074792      
132         -121861.42975324098      
128         -113648.40192382707      
121         -98181.055697033997      
123         -103522.7054573307       
128         -113281.30690790276      
128         -113788.8418862854       
121         -105356.0111902639       
117         -95647.054927583871      
124         -110154.73185079978      
126         -114411.07235002707      
132         -128456.95942645048      
133         -132822.00923890798      
141         -153440.04654972092      
138         -145356.68605684486      
138         -143093.5343927262       
133         -131267.27587664485      
132         -130100.89824853421      
131         -127598.1037070743       
126         -119625.02876218777      
130         -131328.58586792785      
135         -140396.71269199226      
133         -137259.00921469173      
132         -127683.48253184964      
130         -123798.46190652855      
131         -131026.62105642568      
131         -129452.21554079413      
127         -124461.06541284264      
128         -128290.05818553903      
123         -112569.45674143317      
130         -130159.06726627893      
127         -124848.68632997519      
129         -132660.27269833756      
131         -138573.11747215406      
135         -145789.82152537294      
133         -144174.08814316618      
138         -155061.75266923825      
137         -149333.79781683077      
134         -142284.79278750351      
134         -138543.65080298082      
129         -129241.00568686354      
128         -129018.24647644465      
125         -126456.65600402976      
123         -119477.68348709377      
125         -122512.3141242791       
126         -121454.99625598581      
125         -117143.90941409714      
119         -107002.83426279084      
123         -115485.45904087956      
130         -126269.62616050297      
129         -117490.8208805406       
128         -117491.51042108456      
127         -118640.65110681922      
122         -105585.78308154619      
117         -92992.257492228775      
124         -107369.44356464781      
127         -112319.69790794094      
129         -117726.86007354503      
126         -102646.44332113865      
125         -98147.348906385625      
126         -104394.74670215344      
126         -107938.51390541476      
131         -120699.53325142367      
136         -125967.37477980269      
129         -113004.68205959116      
126         -115598.12721515015      
124         -110316.17195375267      
123         -109478.08213001334      
130         -126003.00101757488      
132         -130638.89831254398      
125         -113570.34830378012      
126         -111181.8980026902       
124         -105687.17614466063      
125         -102168.33648861501      
126         -102453.82290487838      
129         -109944.03065426585      
121         -97012.615625007733      
123         -92699.044253366679      
125         -97810.945492269195      
132         -115393.11306077117      
127         -112540.55651571057      
121         -102852.28707769039      
124         -105025.96319831331      
125         -105981.75754539687      
131         -117168.3061079904       
125         -107236.41130040771      
126         -108069.04704102137      
130         -117918.51665696081      
129         -115757.68980726985      
126         -107206.83119476138      
123         -104118.43021264493      
123         -102300.95168527082      
127         -109507.803080385        
129         -115954.27041962973      
130         -114743.44148906437      
122         -103589.38752021636      
124         -101306.49031037488      
125         -105166.39636250194      
126         -110221.75057199757      
121         -103220.47942214532      
116         -92223.853285849531      
115         -94276.542052258344      
125         -113580.86494427588      
121         -105475.77879749493      
126         -120990.52915072572      
130         -130538.43562691957      
130         -125703.67768468703      
128         -113847.84973363762      
126         -116859.40299468736      
130         -131366.0851716098       
124         -119146.74772653132      
122         -110572.99596623298      
122         -112781.61363046127      
122         -111640.61727040267      
127         -123439.02810835284      
126         -125506.43720585933      
128         -128742.67914885422      
126         -123369.27392378809      
120         -113170.44957620739      
129         -128848.39382357099      
129         -133275.42380189669      
127         -125307.56695321109      
127         -123458.84629687632      
127         -123317.95067694277      
129         -122659.79860552041      
129         -125664.20291255131      
129         -125625.28437822696      
127         -124430.4360216655       
130         -128473.61817307118      
130         -130501.20937570825      
133         -130112.85594468439      
127         -114546.83657457065      
127         -116285.33220990008      
126         -106794.80861277638      
126         -107359.70182384929      
122         -98616.185034419919      
122         -97632.757289610061      
117         -84931.113293324219      
113         -84140.913256244094      
120         -94179.637313107116      
115         -85941.285214038944      
116         -84373.164334062662      
114         -84972.26661822079       
124         -101748.69674986406      
123         -103501.24698436588      
127         -118620.27079384562      
127         -113485.0219096846       
129         -113352.83397686544      
130         -117657.49706085582      
137         -132113.83745244428      
131         -123797.4309585119       
130         -122648.01597200584      
125         -106955.91934029493      
127         -114330.19907915663      
129         -122741.65323208958      
125         -119170.96479949688      
132         -129118.0430829066       
132         -128846.97618284635      
132         -127781.78197760662      
127         -118238.42323181342      
125         -110435.32673469419      
121         -106361.11103584603      
116         -87273.532843877969      
124         -105773.33773905312      
127         -105468.92167597056      
125         -102825.44851490697      
125         -102181.11638641563      
128         -107153.74527373456      
124         -99016.492250532465      
130         -111389.53975705923      
122         -94154.245888282167      
121         -97113.808569375658      
120         -93239.830721680119      
112         -81453.35428763376       
122         -99472.98179264208       
119         -90409.895052176304      
121         -98074.448113535473      
121         -99867.28380890601       
123         -102233.81277676088      
119         -89930.583099481024      
108         -68661.000349881331      
106         -66259.274234123295      
119         -89241.835036961711      
114         -79569.153533413817      
114         -80852.164320534182      
122         -102624.87036299153      
124         -106897.3637471766       
119         -99705.347718841396      
125         -116647.49262186846      
125         -108508.46932455679      
122         -103477.88346452147      
120         -93545.282372793983      
120         -92248.441066696236      
123         -103687.40049550089      
118         -94723.488023342914      
120         -94853.779705978828      
123         -98548.423996464771      
124         -102965.2485968894       
127         -108612.20739725756      
122         -103496.33877805564      
124         -105296.79983236155      
124         -110157.40814522529      
120         -102428.30808883182      
119         -98172.423485349369      
117         -102012.42620865234      
110         -80728.39630925277       
112         -81055.401439914363      
111         -85451.864434628558      
113         -90544.688989813381      
117         -94550.055385659245      
114         -90009.430295506754      
128         -114026.52864272878      
125         -106451.64186439969      
123         -109370.46223354466      
124         -109349.20878582381      
127         -118537.74406988153      
127         -119549.01512729211      
129         -122801.67690684597      
132         -128606.98389377978      
136         -142678.90697779696      
136         -140504.51176378629      
136         -138855.98702289825      
139         -149463.00154562978      
140         -147271.96364348714      
140         -147197.85275804938      
142         -152512.23030116706      
139         -145048.67565557154      
136         -137076.70216578167      
133         -128881.7103252252       
129         -117179.74789527725      
130         -116071.66532693636      
126         -110046.34021516338      
128         -113756.88882981054      
129         -115369.6524547333       
131         -116308.55764037462      
128         -108479.1271188081       
124         -107013.96946485815      
126         -110880.62561035511      
126         -110963.96532532173      
130         -121592.39837366344      
123         -105962.11430343732      
123         -106056.23627117384      
122         -100686.32819890568      
117         -93335.747155993246      
124         -107911.94953398147      
127         -117110.27266843575      
126         -111802.49276979156      
124         -109910.8067901654       
127         -113579.86779583761      
124         -106956.98645688087      
123         -102894.48090938976      
122         -96955.198778847727      
125         -101931.39900773572      
126         -114672.86305350225      
126         -111772.67988228133      
124         -103011.43503878318      
120         -92774.023691925075      
116         -86766.362931660871      
119         -88502.380835289674      
113         -78548.343707763561      
112         -77675.52919671101       
107         -71863.352882506282      
104         -67853.300097550105      
108         -78281.051461816751      
115         -98226.686522789285      
115         -100037.66667165204      
116         -98509.235476444359      
110         -82632.774399637332      
107         -79027.604119987984      
111         -80063.06588626797       
109         -73883.494038074743      
114         -80159.405994608853      
111         -69055.042200234049      
113         -77553.826675694596      
109         -73011.196728632436      
106         -73168.069529930886      
116         -83567.529501045632      
117         -83646.186787356957      
113         -73162.01234185131       
116         -79209.51068662903       
117         -86313.313497052019      
119         -86053.208595164178      
115         -81199.393458634499      
112         -72548.222766560866      
114         -82616.380096253211      
106         -67446.78258945659       
94          -50036.887689140771      
88          -41880.039116562446      
99          -54232.988664361321      
109         -65490.972617254054      
101         -49158.590319822921      
106         -57125.348880228688      
103         -59309.098893894494      
100         -54901.249786950284      
106         -66851.713221126134      
114         -82487.663067745991      
118         -89539.041612932837      
119         -94754.235721027289      
112         -78629.163151009838      
106         -71167.608131304311      
112         -80043.72680763519       
111         -77594.791999754205      
117         -95838.669764001097      
120         -103707.76857107646      
121         -112707.37373433712      
122         -115900.08308308604      
125         -119961.75503905329      
126         -118787.74324195435      
127         -119641.81963509964      
124         -118863.00984836984      
121         -111781.17128878266      
123         -117521.91577220056      
121         -114320.61831483389      
120         -108610.84165375483      
121         -113489.25192850492      
124         -114418.02999287724      
125         -114887.05706903487      
122         -105249.09235441752      
122         -101637.53012122064      
119         -94216.153587632289      
117         -96986.030490975099      
114         -87447.298814728041      
115         -100140.06099588178      
119         -106276.34484884879      
116         -96810.187046021514      
109         -81459.04960450565       
116         -95910.478980843676      
117         -97658.557136267613      
118         -102050.97230587376      
119         -104276.06708477512      
122         -107769.47130315274      
120         -106839.92044181893      
119         -106391.25186454014      
119         -105692.45086931433      
118         -105517.52360443451      
120         -107187.76614345047      
123         -114214.91345286297      
129         -120057.29935414843      
121         -109489.72355865272      
131         -134611.9218543263       
129         -131032.28841578426      
125         -124564.67244995909      
124         -118240.13574717962      
129         -135267.91952223744      
131         -136878.50926311876      
129         -129661.90317855038      
137         -149066.82789949403      
131         -137077.44828481376      
133         -144081.6696149343       
127         -126204.2674230366       
125         -122531.78273656592      
126         -124478.06893477459      
122         -111411.96608173434      
116         -100148.72820195544      
118         -108431.45275423504      
123         -119108.83157162459      
126         -124889.28075904734      
127         -121147.88615034283      
125         -120572.19895498507      
124         -120461.6276875285       
122         -114046.49589842981      
124         -115710.77624659671      
121         -110779.85000711541      
128         -125935.67762486506      
124         -113607.95673516247      
120         -103400.43298073689      
124         -112020.98495472679      
125         -119413.14423654141      
125         -121744.53891278428      
123         -113821.91644780558      
124         -117029.00950419804      
124         -112689.46226938404      
122         -109044.68000844546      
117         -102099.72821446559      
115         -96277.562271728733      
120         -107559.50998817405      
127         -117530.01020827908      
124         -110430.09670014904      
125         -115060.63636911692      
125         -117220.81909977201      
125         -115594.54874667847      
122         -106706.39909293888      
117         -90203.679080573784      
126         -116139.48552564363      
131         -123457.29739178283      
126         -113832.07595086166      
130         -125035.15432908959      
124         -109316.05991217305      
127         -115600.78671968624      
126         -109852.88194668245      
123         -105885.10720413321      
121         -101074.46003122629      
125         -106307.48460135321      
126         -111851.21375256847      
119         -95699.993247631632      
111         -85853.048300950235      
119         -92828.863291837435      
123         -103376.52570074568      
124         -101768.10428962318      
125         -102426.23570500298      
123         -96595.882714128791      
120         -95392.24116154798       
128         -116237.90580253731      
126         -114736.86321321812      
128         -115954.48989853912      
122         -99511.80871185039       
122         -101215.19774502509      
115         -84256.99699636994       
122         -96201.326856039406      
124         -100947.94964063683      
128         -107377.05717941513      
120         -100452.23165861923      
123         -103873.02772873716      
124         -98001.275324939372      
128         -104945.71841676574      
133         -117905.857605807        
132         -117732.79249642801      
123         -99773.356965065555      
122         -96468.338615450848      
122         -91758.010343035712      
115         -90076.316789154269      
121         -93869.257299612989      
122         -97140.980170413386      
120         -93540.648808760321      
114         -78835.800345922791      
119         -92377.711653769875      
126         -104209.30142716218      
129         -108974.38543521144      
127         -108149.39651705175      
125         -103634.47627927696      
123         -97507.811881848465      
120         -91504.857479572674      
125         -100928.35793591647      
124         -102361.21562293146      
