380 1 -2970 30 30 30
116         -162031.87041074096      
114         -153966.1973735067       
118         -164445.43668979508      
119         -173421.8668398766       
123         -181273.667281209        
117         -165567.09193345651      
120         -171765.25131433661      
127         -190852.32429199514      
129         -196810.76473911121      
122         -182277.49300901176      
122         -181017.6744704647       
126         -192504.50949096365      
123         -183721.35149264219      
122         -176506.87004936868      
120         -169628.23287944595      
121         -175225.1355094024       
121         -178738.1290759343       
128         -198711.11899059877      
126         -192751.63906348936      
127         -196996.58922920114      
129         -200814.22132793319      
129         -200958.79050883048      
133         -212486.67858900593      
131         -206394.70446815752      
133         -210356.04360070705      
133         -208933.35746846808      
128         -201038.62216472594      
125         -194299.61880542495      
124         -187369.4533600483       
120         -179218.21516919811      
125         -190201.66541974555      
126         -191625.83081770359      
126         -188570.87582869511      
116         -168058.36172626817      
119         -177393.45723037844      
126         -196017.18583049346      
126         -199008.01084086363      
131         -208659.44322305301      
135         -219713.91645297885      
132         -211296.46144806271      
131         -209433.7298132398       
131         -207434.32790213273      
131         -207897.21715240812      
125         -190930.3983381493       
123         -185257.13579730902      
125         -189745.51081629674      
125         -181631.36244241474      
120         -170944.94110400556      
110         -153013.44479549641      
120         -173452.30953537452      
120         -169735.27938978362      
120         -171896.6281893077       
115         -157283.02656939352      
116         -160865.2117453212       
124         -178794.64150406522      
122         -177331.78095068361      
128         -192920.86176809677      
125         -186779.89429917181      
132         -203652.20079992185      
130         -196171.44262419303      
132         -200405.61658808985      
130         -194308.98404174513      
124         -183150.47962952688      
122         -175036.77795293412      
126         -187045.83605719105      
128         -190707.14318618091      
125         -182599.29700334219      
122         -171235.74015769715      
111         -142983.96346612001      
112         -141776.90355625722      
105         -131300.37196056626      
110         -144003.26373983992      
112         -147880.64838521421      
111         -144925.79142829741      
115         -152744.96888504163      
113         -149714.14520781732      
114         -153976.95975363356      
117         -159441.22951460004      
118         -162288.02941744449      
112         -146029.3152797799       
114         -153396.94747555541      
110         -145747.82601531004      
115         -157986.71871505768      
107         -137036.284534851        
102         -129161.58578126036      
115         -155931.76937071493      
116         -157446.24082517062      
118         -163398.46051851279      
109         -142582.68536004637      
116         -156508.49555358928      
123         -176747.07025412202      
120         -171397.25293428916      
120         -173650.12262219255      
125         -186339.09791618545      
117         -164166.53904639508      
119         -172761.69091577097      
123         -182703.03616758375      
125         -187041.25022242917      
131         -203326.78225727408      
128         -196746.49562354272      
117         -164140.14334089082      
118         -168083.81969675707      
116         -167395.21970276936      
119         -167665.38536345115      
116         -161791.38012115029      
123         -177136.39143632946      
118         -164486.6241804937       
122         -174037.29136020018      
121         -174344.13568457161      
124         -183682.04932043282      
124         -183370.70659619488      
124         -182133.48591146656      
127         -189735.40605333715      
123         -179649.0185514107       
122         -178036.01007411309      
119         -168897.72144907777      
119         -167431.74628725086      
113         -152242.18655729134      
109         -141080.35564612577      
118         -161795.130819085        
120         -172100.62014212826      
118         -165107.35541760031      
116         -163113.46128387665      
120         -171096.48027090868      
116         -160037.42626351432      
118         -166144.5803275803       
117         -160879.44315724977      
121         -174012.99272739844      
117         -163869.91651464993      
118         -168320.93254880889      
123         -176405.18521053484      
120         -169576.06567902066      
122         -175972.86307033728      
125         -186128.89854826938      
122         -181225.46383633066      
127         -192399.18058205693      
130         -199222.70236808516      
130         -199498.64180083125      
120         -173773.44051932951      
124         -188531.72367263524      
126         -193601.14523970854      
126         -193535.43153421854      
125         -191500.86657505474      
125         -189930.2992107466       
122         -183454.44564862931      
124         -185734.50792778813      
129         -200215.97553098059      
127         -193379.23926131037      
126         -191798.50422911553      
121         -178516.09701484349      
120         -173896.94746456697      
123         -179910.16853960819      
120         -172332.69717707444      
117         -164257.09509995926      
111         -147882.54473058568      
112         -145182.51178431787      
106         -137585.44641789325      
107         -135599.45339490537      
113         -149808.98906846202      
118         -163287.18095871649      
113         -149242.22746674102      
117         -165609.36646265941      
113         -157632.56628049142      
116         -160859.06698316056      
124         -177578.94851494845      
124         -177220.50048035424      
122         -174281.23238947176      
121         -172050.26841501787      
117         -161449.01277641908      
115         -156683.43999874825      
118         -164828.33756545989      
122         -176262.56344875935      
120         -170921.31062513252      
124         -180256.38852724104      
127         -190517.4636283326       
130         -203161.50894556881      
132         -203734.29167114096      
130         -199991.18428947171      
124         -183311.21756403707      
127         -188488.39196354651      
125         -184077.07316351467      
123         -176997.57267539456      
125         -182283.43825823389      
124         -179521.31220920989      
120         -168490.80818837928      
120         -170970.60586413066      
116         -158794.71261926711      
116         -159144.42187101289      
119         -166915.75458051366      
118         -165605.60758300222      
123         -176709.89152498182      
119         -165709.29394033804      
120         -168701.67665522697      
126         -190536.0357483438       
126         -189990.55597581124      
125         -188032.00350117974      
126         -189441.78431311194      
126         -189969.47219783397      
124         -186554.47324674323      
122         -180490.8601966869       
119         -175719.40807559161      
120         -178924.84359825624      
120         -178525.53044408129      
125         -189525.90382471823      
126         -192097.91880909869      
126         -192700.57138351514      
127         -197009.43016457162      
125         -191566.34263094791      
128         -197004.11602082412      
128         -195399.94289181239      
129         -197863.56150353432      
127         -192105.05735193199      
125         -186561.65495309531      
126         -187589.52050232896      
126         -190538.73956304407      
124         -185527.68747057402      
125         -187426.4610035785       
125         -185990.40584234224      
128         -195926.96191359864      
124         -188603.45004968409      
119         -174733.37289681134      
124         -187139.63854596033      
125         -185454.20574878494      
128         -198151.33905445776      
128         -196802.22157829176      
129         -201596.09008418108      
130         -203199.72384460535      
133         -209182.90492740573      
127         -195546.92734291527      
132         -211123.6599690525       
134         -216551.78446374607      
144         -243332.63538018687      
140         -234222.41207050509      
138         -229086.53510407082      
135         -220017.43701414252      
134         -217388.18817361779      
133         -216894.28890060174      
130         -206593.2759652884       
129         -204931.11984980997      
127         -195780.66919160238      
129         -199777.15976768552      
133         -213435.18673021125      
132         -208227.3318511704       
125         -188140.14101313084      
126         -190619.29104962861      
121         -179779.93273863613      
126         -188842.11771386617      
124         -181299.73710285794      
122         -177785.74441085776      
122         -178306.13027567271      
128         -194364.54980721607      
124         -186447.32565140325      
125         -187636.04465179009      
127         -193354.67479140853      
123         -184052.46608433951      
120         -179859.96833056456      
125         -191839.95025919518      
130         -207774.92207744136      
131         -211477.98676740361      
130         -209891.80462415831      
130         -210598.82956986543      
130         -206048.5651733703       
131         -208091.12937297273      
129         -201105.71988922067      
126         -191036.63443157406      
130         -204352.91038781297      
126         -194656.20392662656      
128         -196184.43971963279      
133         -209198.55079525601      
131         -204596.62599646466      
131         -206608.4701553843       
128         -195005.21534392927      
127         -190173.6819529701       
127         -191524.338086484        
131         -199169.13556740788      
134         -208341.77277307498      
127         -192467.70560436737      
128         -193736.52463516113      
122         -177623.34545996209      
125         -185200.9237607675       
126         -187944.66529078313      
127         -196479.90674767096      
129         -199466.03934535792      
131         -204605.37817670152      
127         -195792.06863475021      
129         -199651.29274642712      
131         -208203.39815944192      
132         -210711.07760468652      
129         -204659.1895134401       
131         -207071.40538693074      
135         -218771.61537736433      
134         -213714.37315154498      
134         -216007.40120519945      
135         -219184.34278788965      
131         -206171.29444035963      
130         -202265.72438568913      
124         -187440.99771698046      
123         -182505.60230006347      
122         -177060.49544023705      
122         -175988.31716874268      
126         -186785.92217267113      
123         -178489.62543884138      
125         -184968.05646849453      
128         -190404.49806426422      
126         -188837.83369335337      
127         -192988.014713565        
130         -203592.7577819073       
134         -210322.61781962178      
127         -193084.24830437946      
129         -197479.04202856717      
132         -206309.0815491215       
128         -196937.7164833124       
126         -192700.94492087082      
119         -174226.25965105504      
117         -170296.19570297538      
122         -183488.10720024494      
130         -202685.54162724994      
126         -193963.49784305645      
124         -190642.01577014575      
119         -179224.89867965924      
122         -184801.94134036812      
121         -179790.09296947319      
119         -172173.81439284189      
124         -188751.16663356454      
121         -184329.58044165868      
118         -172145.27408175712      
120         -176119.31133624923      
125         -183147.94719930887      
121         -174508.36362984744      
126         -185253.58432172536      
121         -174264.45209861163      
119         -173868.63472311824      
127         -194825.19526277669      
122         -185732.9380146417       
122         -185475.10265056373      
123         -185113.11184829148      
128         -197579.38257534234      
128         -200791.08337422417      
132         -211468.31456956855      
136         -218799.92941211522      
134         -209324.34105631773      
125         -185967.34224920103      
128         -198237.47673648709      
131         -206729.81987033377      
130         -207095.14792431382      
131         -213376.66631609562      
134         -220442.07132878914      
132         -213242.58420565477      
129         -207513.84944292117      
134         -220001.79493763149      
132         -214944.07310505473      
132         -211885.3549818536       
125         -191825.44078494218      
127         -198163.23745797575      
123         -185059.11302255691      
126         -192726.30983472595      
129         -201541.01437487485      
126         -193507.71317941751      
121         -176445.19175084445      
125         -183715.80473268588      
123         -180078.82188984175      
130         -194950.50028492516      
132         -200943.52172143827      
130         -198761.6809803941       
123         -177185.10485152926      
119         -169989.89557462942      
123         -177784.5076967901       
119         -168111.27592985946      
113         -153152.49941728823      
118         -159521.56636387171      
119         -165135.53930563794      
115         -159190.40336935388      
115         -158373.09968451504      
124         -180553.4971992801       
117         -164426.06042176776      
121         -174097.09710829725      
130         -200144.16769543884      
125         -185217.00701998934      
122         -173072.37107817343      
123         -175543.42085551241      
120         -168664.63979019481      
116         -158850.58664398841      
113         -156387.19674608318      
121         -175321.02611952715      
119         -171199.70353086898      
117         -165402.80849913345      
120         -170296.971937289        
117         -159200.72119552182      
119         -167978.80286562419      
122         -173524.1016562116       
124         -183333.7809927919       
125         -186070.064581685        
121         -172831.06132114786      
117         -160273.62865668669      
118         -158968.9979384093       
116         -155587.43184270069      
114         -153329.67680828442      
111         -145375.31884595469      
118         -161296.66242445668      
112         -145345.91673719327      
108         -141899.60419161071      
115         -157717.27473112653      
115         -156526.48096567302      
117         -160844.18058998219      
117         -160195.65281362168      
114         -157931.35463903964      
118         -166691.80940512303      
120         -174711.82686361874      
121         -175132.65310390206      
123         -182028.39082225444      
119         -169556.26820150667      
118         -169633.2931790429       
122         -176114.32468551604      
126         -187519.50446226221      
124         -184944.98873633056      
123         -181602.63403861556      
124         -185304.63737142214      
128         -200328.84270153148      
129         -201091.73080358715      
123         -182753.40506392502      
119         -171466.42325686204      
121         -179335.73024730795      
123         -181013.16569128996      
120         -171964.39554903645      
124         -183297.69300575394      
125         -185371.99139513521      
135         -211491.98799293692      
131         -203806.93312980622      
130         -203672.8552135209       
129         -197405.06437570427      
131         -201675.7821612838       
130         -202629.43545460168      
130         -197879.87211492224      
126         -189170.47254715755      
128         -196892.85757193388      
128         -195590.29026399262      
130         -199501.85910630823      
132         -204528.68915100509      
127         -192260.30114732718      
127         -191129.54785259487      
128         -191989.323609504        
129         -195169.56126036512      
118         -169864.86853087132      
125         -188693.69483450524      
126         -186063.42874700052      
128         -191183.27808092177      
122         -177080.17147070574      
125         -188213.49986588818      
129         -197791.31664453662      
126         -191188.35929323707      
120         -174857.1356700263       
125         -187825.86940513406      
122         -176757.09863794281      
120         -168819.01167155348      
123         -181944.57873444704      
119         -169309.30838377887      
119         -167876.68650787621      
119         -166416.87054757448      
110         -140677.75732197767      
108         -136998.12625266341      
119         -170264.84223565221      
120         -170540.66525010072      
123         -182759.49678390872      
124         -182970.98254103286      
130         -197003.71622844759      
124         -181524.67944922758      
128         -193994.68814266787      
125         -186588.33683041882      
117         -166330.61281671035      
121         -177164.27795639972      
123         -183529.67446505578      
120         -175397.86906547961      
117         -168584.8675985568       
117         -170120.88918084631      
111         -152725.33439514134      
121         -176356.02380870128      
119         -170228.23694820449      
120         -171236.01862016099      
122         -178998.44301087572      
122         -177795.90000517824      
120         -169102.60687031911      
125         -185066.30862215767      
120         -169888.44401973323      
117         -160932.88584737515      
113         -152312.28968345348      
112         -148429.5267440571       
112         -148323.36404242093      
114         -152239.53325321281      
112         -149800.35453680236      
118         -161196.32681046307      
121         -173470.42779662038      
115         -157598.42423684313      
117         -155826.29199934617      
111         -146176.36694229094      
120         -171804.10290078202      
127         -186139.62475897494      
127         -187623.2435406624       
125         -180627.9013557368       
121         -176325.56417392343      
128         -192507.89531346248      
130         -195709.05294622015      
129         -192537.29210637877      
134         -207066.15386015031      
131         -195496.44535653797      
126         -185413.26633658429      
129         -193260.04636613137      
132         -202243.65249521023      
126         -187744.08046848429      
126         -181241.24985687429      
119         -167777.64613513221      
113         -152032.77658027521      
114         -151958.05021728802      
111         -145143.57508299768      
112         -140126.15639894881      
105         -126758.14359811344      
108         -132143.63597396808      
111         -138844.8165714324       
109         -132947.71054104669      
116         -154473.10607318938      
116         -158881.66114014279      
109         -139893.16485227155      
109         -140459.16804981249      
113         -149241.89674589148      
109         -143700.72641747209      
100         -122699.39406760709      
100         -120372.38941902848      
100         -122060.60819896124      
105         -130986.1337186173       
114         -149118.94103914913      
112         -145161.30569209906      
107         -133154.55609097698      
105         -132577.47879853554      
108         -139296.13442149534      
103         -127003.74045107096      
106         -131311.84420539421      
114         -147259.58092056852      
109         -140606.14925704498      
110         -146658.33530298076      
111         -148760.00416274002      
115         -160433.57329579903      
121         -172379.11325371516      
121         -170567.85526600629      
120         -166004.73306021234      
120         -169776.86652515427      
127         -186744.35945777054      
132         -200364.89942167001      
126         -184797.49940365949      
124         -178805.9754925888       
124         -175951.10932575277      
122         -170096.75603251669      
125         -176638.1912931377       
115         -153721.27613464341      
114         -150653.42694052818      
106         -128364.8607670014       
108         -132810.1816654623       
108         -134946.5055070344       
102         -121646.58673397652      
115         -153277.82825800884      
115         -158940.33014889958      
119         -168733.23120344372      
121         -172988.09550834069      
118         -164929.60767264391      
121         -173955.423691984        
125         -186426.19690780548      
129         -192019.6538472934       
125         -183383.62227164436      
125         -182871.91114222421      
124         -184340.19946365926      
119         -174183.31020339247      
124         -179046.27849929844      
121         -171222.12924035202      
123         -176586.76691126928      
118         -164098.5862411311       
120         -171913.70179654809      
117         -165832.35274727372      
113         -154856.81254570349      
115         -155847.794215645        
121         -170055.47362387314      
123         -174759.36424773282      
121         -171202.38986553936      
120         -168175.48279880389      
118         -163538.55161469651      
119         -164438.99452875668      
119         -165557.14249421051      
114         -156735.92119430538      
115         -155679.16695951886      
119         -166987.27132288838      
121         -171687.74393484843      
119         -167980.54534813645      
119         -169454.63137720976      
121         -177090.97115552606      
126         -186240.29680776535      
120         -169842.84557365387      
114         -161274.84977653716      
124         -188529.90846611754      
123         -182634.96087373036      
115         -163218.99196177709      
119         -170127.94651700754      
125         -186210.11427067604      
126         -188253.88780996544      
124         -183183.92133552971      
123         -182019.02115386759      
130         -201199.96365233892      
132         -207428.9140150852       
127         -191753.11574745248      
131         -201747.3991451725       
125         -184067.75215785639      
125         -182421.97936629769      
121         -171729.15392998329      
115         -156238.11483830592      
115         -159252.55774350843      
114         -153318.84288558408      
106         -132142.91593286168      
108         -140182.93553481891      
110         -143746.72893825153      
110         -143662.13679585425      
110         -141845.72174635477      
114         -152253.08528049471      
111         -146235.99663816366      
112         -150774.91423413955      
114         -153683.79564677246      
121         -169071.1699497576       
110         -143747.7071833557       
102         -125719.75992808379      
108         -144086.67820375046      
109         -146833.90532498056      
110         -149955.72454964582      
122         -178490.93637837379      
123         -182004.40071194241      
123         -179036.57997265784      
123         -175782.39319425836      
124         -178999.09437483549      
125         -179518.54664718063      
128         -186552.88084137056      
126         -178555.04792714759      
122         -173818.63541151711      
122         -173803.78709583182      
125         -182316.13157001836      
121         -174611.31986304492      
122         -177085.60387352938      
120         -172345.11571013078      
121         -176044.14443998883      
124         -185312.66501543796      
129         -202591.33726840871      
131         -208834.98289593242      
129         -204467.97552477018      
132         -214406.46235245859      
132         -212064.13955681061      
130         -205633.01235619813      
127         -193089.96114174381      
128         -192483.46284710013      
128         -194127.04211485502      
127         -191794.26225017698      
124         -185622.53564440753      
122         -179010.90038177872      
119         -168941.48233953959      
122         -177568.46419906561      
122         -174403.64877794706      
119         -166583.70428343106      
117         -161404.71130878234      
121         -178924.84194871105      
121         -171844.40356186         
128         -192533.939512721        
127         -191265.69436336221      
126         -183946.83924788944      
125         -188533.13272989119      
126         -192721.29290548919      
128         -197808.25639670325      
130         -206346.32374888367      
131         -206462.80192407183      
133         -208524.86060984558      
131         -204012.41196504832      
129         -200383.40819636063      
128         -200291.12170615079      
128         -197440.41149246134      
132         -208925.07898552611      
129         -202355.1439208145       
130         -204143.36054637234      
130         -204472.88121715593      
131         -207504.19081753874      
129         -202330.90418392033      
123         -188991.85346883896      
129         -202645.7873584737       
128         -199896.3354108257       
130         -202021.11373655259      
130         -201080.14016646473      
125         -185022.69930788988      
126         -189622.42545792658      
126         -187621.79144487189      
126         -192805.40249636312      
132         -211421.29973553735      
131         -209465.71703419174      
131         -206059.26019732596      
133         -208682.71530530683      
133         -209244.35666275633      
131         -205980.69779251222      
130         -204399.78037789513      
130         -201374.53418297847      
126         -189288.13003213293      
126         -186971.12832965047      
125         -182125.49269695373      
121         -172654.82516787408      
120         -171143.48328332021      
123         -179837.81741685391      
122         -178819.41215487581      
125         -185034.48628823043      
129         -194264.82307572951      
124         -180906.98491812256      
125         -188091.04731535565      
123         -180103.65075826543      
116         -159206.11302565888      
121         -169600.20883832392      
119         -165974.88607126943      
125         -182016.72967648879      
127         -187761.49349864951      
123         -176625.58279541536      
129         -193412.10636250186      
131         -203467.37443674292      
124         -184556.00081685901      
119         -173237.99879094865      
127         -193955.67485651677      
128         -196858.34707034315      
132         -203407.07484910818      
129         -200012.12540487616      
132         -208109.45795777236      
136         -224405.4571917147       
131         -206143.9611857546       
130         -205792.62483816591      
131         -208247.94714636658      
131         -210472.97271926716      
135         -217472.10963688756      
128         -199735.51816758985      
128         -199610.44717636294      
134         -213903.45226990219      
133         -209449.35922706939      
131         -200173.70657845872      
126         -187010.33101140618      
120         -171781.49455766607      
128         -192882.66701728117      
126         -186173.37776724595      
125         -181232.45034929476      
130         -196789.41679993831      
123         -176694.74363073992      
125         -183925.11283508505      
130         -195680.22629208892      
129         -199699.3926954341       
126         -189387.83203116345      
127         -191981.46088569367      
129         -198551.40388540298      
125         -183216.03381500172      
123         -180832.58857770564      
124         -185836.65557823601      
126         -192431.07950434735      
126         -186277.885917912        
129         -191201.70613095415      
125         -182060.01989478135      
124         -180216.56568049963      
126         -185769.30000494476      
129         -192201.81442689683      
124         -179430.75061234695      
125         -182476.96206454784      
122         -175385.48664702522      
123         -173385.16173777604      
119         -167033.69360651955      
124         -177424.76802067098      
124         -181789.61354952466      
127         -188895.90323088621      
121         -171558.35216103669      
121         -169468.31751441152      
115         -157889.68699348532      
120         -166702.38241214404      
123         -178873.57101121469      
127         -188783.11728600017      
129         -190390.56796558574      
126         -182430.16010589074      
121         -173114.84662758649      
124         -183550.57699151503      
122         -176817.10768773433      
120         -168789.22383386147      
114         -153576.10885350648      
112         -146346.99666371467      
105         -131354.85362046791      
113         -148783.79139311865      
119         -162290.53073605514      
109         -139746.57214533113      
109         -141765.4947677759       
115         -156503.63199220449      
108         -143754.46281921369      
115         -161883.61517874143      
116         -163718.25039783213      
117         -165416.69990129772      
109         -144250.21416225974      
115         -160296.27059123572      
111         -151384.72499175329      
112         -152280.86177701212      
110         -148519.84433219378      
112         -153355.51598076394      
114         -158210.53951235072      
123         -173355.96387947645      
115         -156239.71180785369      
127         -186690.08672841388      
127         -186998.28529935499      
129         -193199.13797928288      
123         -178015.76640014502      
122         -179726.41205818552      
127         -192804.76432078192      
123         -178816.49684627319      
115         -159995.02027347914      
116         -162686.70763194928      
116         -163587.90934524708      
119         -169613.43938599728      
121         -173988.29750869592      
128         -195295.63481496405      
130         -201779.66312992686      
130         -204620.95826630635      
134         -216909.50630480441      
134         -213952.00129362731      
134         -214172.72683010576      
130         -205282.84429171725      
126         -195603.12483940151      
130         -206193.68793224849      
127         -196806.19206340227      
131         -208735.73635207806      
129         -203215.10085177459      
127         -196877.29501238727      
134         -213943.62059455705      
125         -189734.39760249871      
123         -183996.16054129318      
125         -185965.08013315176      
123         -179715.33552626491      
126         -191034.41630269689      
123         -183975.30935640802      
119         -173291.60126159986      
120         -173683.7719799467       
121         -173526.8548281292       
120         -169875.88544602273      
119         -166701.59116254465      
124         -180318.40473562994      
125         -183102.73604368974      
127         -188805.44292576041      
123         -176275.52318521735      
127         -188418.92685586843      
122         -177134.26765265269      
123         -178190.46393866633      
126         -186468.90881470474      
125         -182610.44685236827      
119         -173337.56864377897      
118         -162758.99637512979      
124         -178915.90916803491      
129         -195643.99433828102      
130         -200354.20385129136      
127         -190199.53931882349      
120         -173253.14866828982      
123         -178945.39696264785      
122         -176894.19244905881      
118         -168497.38569287042      
114         -153321.21601506628      
113         -155570.07611218395      
112         -152825.45540015053      
116         -157813.64552773983      
106         -136806.6852819208       
112         -153520.2612368892       
114         -161798.61888289574      
113         -154198.3237368862       
110         -149606.25683197076      
114         -156728.50364747143      
111         -152550.1756746592       
116         -165884.32760772589      
123         -181063.63599573649      
123         -180237.41521496125      
124         -183461.72384175059      
122         -176653.83714304448      
127         -192520.22665526735      
125         -185443.80309780876      
128         -194133.15162781382      
126         -184560.02796662622      
127         -188923.4463306226       
123         -178115.69485023301      
127         -186222.14891750406      
126         -187027.54851195106      
126         -188535.46131020214      
125         -185089.37611023194      
125         -187704.26630148268      
119         -173483.94106183291      
118         -173304.15819159785      
116         -168145.80696536927      
119         -170698.16681919069      
126         -185955.58280845007      
132         -198541.97125069439      
126         -180950.38969438698      
128         -189246.74588917074      
126         -188303.81437685789      
125         -187304.6815644491       
126         -187584.30099805497      
118         -163408.38951613885      
127         -184451.55196720746      
123         -178823.53854724162      
124         -181932.23293861901      
120         -171594.64327257039      
120         -172601.95209259063      
119         -168404.35937220053      
124         -181915.61368037245      
123         -177667.49076526114      
129         -193885.12498999963      
134         -206548.23470824081      
126         -189842.36290362594      
132         -200514.07139753469      
130         -196826.43067491756      
129         -194197.12611778738      
133         -209251.07894777556      
126         -193603.56809700478      
120         -178005.2934452513       
122         -181524.2016986697       
126         -189566.05014583093      
129         -199547.49648098572      
126         -189427.68481900531      
124         -184698.00925281306      
117         -166913.14413178834      
117         -164055.79301445687      
119         -167436.42049043244      
118         -165241.71543375001      
115         -157475.18828913226      
115         -157527.82366374362      
117         -163654.46978722484      
120         -169241.59744643106      
122         -175188.6101312183       
121         -171607.56960621715      
124         -177737.96679468677      
121         -170532.90699721474      
121         -170598.43115759752      
119         -168404.76268975917      
121         -178238.12501952369      
126         -188414.91677560678      
124         -182433.70682595571      
123         -181662.61838127553      
128         -192161.86139899         
125         -180493.16933086529      
121         -172616.17621374875      
120         -168905.30812323652      
114         -146915.71798416614      
114         -147349.78950854117      
117         -154997.5109052656       
115         -150910.50639687286      
118         -162192.3593004322       
111         -150229.77231371627      
115         -152256.40167045768      
116         -161093.82857700932      
120         -171901.38250497374      
121         -173549.57621624216      
124         -179489.06802529699      
128         -187257.68340805388      
124         -176313.0314920127       
121         -170458.48504282997      
123         -178992.97873579437      
121         -173979.62077127738      
123         -177695.51193250308      
125         -181957.73880290258      
122         -174100.24434688702      
120         -164692.49782796518      
117         -159032.03722624737      
123         -179310.62669736112      
118         -168300.03925550904      
113         -157944.03169961192      
119         -172045.15955052854      
118         -167131.1556655321       
114         -155259.77240624704      
110         -146851.6434720442       
103         -130577.71844617525      
116         -155859.26280377331      
108         -135447.37748567405      
112         -147628.29545901238      
114         -150377.55701367641      
107         -135269.41190168611      
103         -128325.75984355283      
102         -126328.98735899526      
105         -131209.11944132793      
115         -154489.17016457356      
114         -153193.78634699871      
112         -147827.73685895084      
116         -157488.31297475731      
123         -176111.71277245739      
125         -179573.49699635638      
126         -183977.6705131905       
129         -193416.29278451006      
126         -180898.32092684763      
118         -158211.10455473457      
121         -165670.86764528588      
121         -167685.93095343685      
114         -152988.13031550081      
118         -166948.28368756079      
116         -160457.29035125586      
114         -155156.96209205867      
120         -168571.53904188663      
123         -174927.25503768359      
118         -167846.72502610253      
123         -181719.59497094905      
124         -183815.46229057241      
118         -168802.08964223668      
118         -166992.5086657831       
116         -165570.85240165828      
120         -173981.10541364813      
122         -179814.68062468027      
119         -175455.04096918736      
121         -178152.26443346415      
122         -182012.78002761054      
124         -186772.16309254925      
121         -179167.19764701923      
117         -166264.47791624305      
120         -174594.43067331112      
111         -155764.26069913263      
116         -163750.92318132089      
116         -162568.73956123236      
123         -178160.03620381406      
129         -193076.02802170691      
120         -168466.63287280157      
123         -176887.57247900657      
122         -177308.19914999051      
127         -186537.31720713445      
123         -173541.3109972995       
123         -179236.47132845153      
126         -185112.36885214469      
123         -179217.75243979634      
123         -181008.63156197243      
124         -180015.54487123061      
125         -180415.90855826263      
117         -162367.15543087307      
122         -172366.65629666526      
118         -163339.44103752513      
121         -168962.97377188649      
121         -171633.81671576633      
119         -169004.77189524382      
120         -175461.8818603261       
118         -167041.99928983217      
126         -189288.68639673054      
125         -184468.40294504989      
131         -202064.6881251286       
131         -204163.63195885462      
132         -206622.63992428195      
129         -199144.40380026575      
128         -198093.19598707513      
134         -210234.59565842993      
133         -209220.77358401794      
133         -209730.87710006608      
130         -200344.50178116534      
130         -200936.06972845082      
131         -206543.48792690979      
134         -218210.41611963796      
132         -210147.44481672093      
125         -190875.8533308107       
129         -199274.64173288384      
133         -211239.47366155172      
131         -205101.79548326574      
129         -197702.01848777806      
127         -191214.5917522001       
127         -190961.6462502681       
127         -190977.28744490416      
121         -180125.03176350953      
121         -175162.60145668325      
124         -183237.66584185101      
126         -186747.73638708892      
123         -178219.96064565348      
122         -179252.98474670114      
110         -148695.20526968947      
110         -146657.01007894918      
121         -170347.8323393648       
118         -165219.63591821378      
121         -176722.5768159797       
125         -184914.77532167366      
128         -194761.49455728376      
125         -185665.55492159849      
125         -181668.12740932088      
128         -187720.32791330412      
119         -163318.22447434487      
118         -167549.76050357995      
125         -183748.02976594327      
125         -187420.85664632145      
130         -198988.52189490828      
126         -187672.6107133984       
122         -180354.29654859551      
127         -194132.28949017619      
127         -192858.06439878518      
129         -201076.34442287561      
126         -189854.68502937868      
128         -193191.22444449284      
123         -182212.94050964745      
126         -191372.16059317972      
134         -214452.74083928743      
131         -203254.50519032235      
134         -211843.95020588356      
130         -202620.57381697203      
128         -197170.85979121737      
130         -204238.95997601619      
128         -194458.05312349409      
128         -192828.24564462618      
127         -189416.8448759279       
129         -194788.70770063053      
125         -185608.8718152541       
123         -176784.62058788553      
124         -181037.03076620324      
125         -186487.04800964141      
129         -194792.34309864673      
130         -199429.01026897109      
129         -196327.11819000292      
129         -198189.74597921199      
125         -185079.18117289609      
123         -180342.55362172044      
120         -172607.37168823183      
120         -171233.41804107931      
114         -150793.91732315451      
117         -159172.92650912356      
123         -176516.54299630158      
125         -182224.40351637124      
130         -196371.53136708157      
129         -197167.89559776429      
130         -199430.37669617802      
131         -199968.04247885192      
127         -191378.4658470584       
126         -187763.81653498363      
126         -189590.33360594095      
125         -186969.00769249766      
124         -177658.4936995421       
121         -172666.64481506773      
126         -183732.69928157126      
128         -190142.16607340952      
130         -195137.21533116203      
125         -190197.29431935831      
126         -190390.23532105534      
131         -203313.05791370189      
132         -208413.53036711103      
136         -218121.13280452887      
135         -216432.91038495768      
128         -194231.56082230361      
128         -194148.41834308475      
129         -200484.5439622555       
127         -194458.46316777798      
121         -179047.43777103897      
126         -192415.43360999133      
125         -186324.43828210639      
127         -189703.13750073011      
123         -181773.85657383731      
125         -185247.29945093955      
124         -181589.10620912834      
116         -159202.64771774138      
117         -164142.02803648327      
114         -159458.91974142534      
120         -169717.61679092789      
122         -175973.56123921249      
121         -175289.93534884395      
120         -173894.18655360019      
123         -180551.29762603971      
121         -171154.39374822771      
119         -166587.04038136711      
124         -180757.65859925747      
123         -176749.10396465406      
128         -189599.64723507047      
119         -171690.54257904986      
125         -184800.27451293575      
124         -184522.22603203764      
128         -195479.43698448734      
128         -192418.03891392073      
125         -184445.55228636914      
126         -184031.25428564055      
126         -185257.98846053466      
118         -164174.75301597721      
116         -162296.22302960348      
118         -167680.48349211749      
122         -179422.3877213758       
119         -167741.22357417562      
125         -180466.7215282929       
128         -188529.26685000138      
116         -160501.70218981063      
115         -154566.59293369556      
113         -148487.80060449184      
116         -154214.11393604535      
115         -155719.35225606748      
118         -158881.53900326593      
113         -148890.27515105973      
114         -152663.406415565        
121         -169864.93093795562      
123         -174568.49175428701      
119         -165568.17641937797      
112         -151108.6783424537       
116         -159199.53682270888      
120         -172354.13677341264      
123         -178607.35950855122      
118         -164506.39173987505      
119         -168130.49542917154      
119         -169089.8561125643       
116         -163433.86145617568      
116         -160455.00997693546      
119         -170238.47570940867      
120         -167541.34111353726      
114         -155046.2367391687       
113         -149929.33125771399      
112         -147741.72795717404      
113         -149484.93551033465      
107         -136979.08303281706      
113         -152563.89285141183      
112         -145599.15254887886      
105         -130597.45019349999      
109         -140189.95981943174      
110         -136928.12364896844      
101         -124245.67906308301      
113         -152851.62700901763      
114         -156294.30209014926      
119         -167975.37020675527      
125         -187064.25480456228      
124         -181172.37611135494      
125         -182054.85393225396      
129         -191475.06365529943      
127         -187373.43731378717      
126         -190990.04357572523      
129         -194427.61842161947      
129         -196096.51271560104      
129         -197129.36498095861      
124         -187870.38754870647      
126         -190694.77333150513      
126         -189544.35420904055      
131         -201237.35858248049      
127         -190617.61407657462      
126         -187286.0203563023       
131         -202557.78326704932      
130         -201188.24300447424      
130         -200556.50220296724      
136         -217260.19850779965      
127         -195078.25608529372      
126         -190428.45875929692      
131         -202863.77557968057      
127         -194002.98413823533      
128         -198295.09395707122      
133         -212826.40493952853      
128         -201601.10664038185      
124         -188739.74480006556      
127         -195381.09094923065      
127         -197173.17191202106      
124         -190292.28922586297      
124         -188587.50561353899      
125         -191784.81543625286      
120         -179725.64927402494      
123         -187019.46629030965      
122         -182138.53532505204      
119         -171896.08821141633      
125         -185380.51870829499      
123         -180209.89804528304      
124         -183275.93911871358      
124         -185772.66224232406      
129         -197445.07906373113      
127         -192163.46847810555      
128         -196727.24682765239      
131         -202260.84444919645      
132         -204554.0584922042       
134         -211736.35769219956      
133         -205539.35098113492      
132         -206468.23171479208      
128         -198436.43953528075      
133         -206996.99589392389      
136         -220637.19945296677      
136         -222124.90036215767      
136         -222873.72973504965      
131         -206089.68547588523      
133         -209901.47045668666      
133         -211354.82174938932      
130         -203647.90573855091      
131         -203784.043684373        
127         -191232.22357608553      
121         -178550.85818705303      
124         -183337.27595778866      
127         -192772.25562132656      
129         -200762.27022703105      
124         -185604.84822957823      
134         -214306.17806236958      
128         -196004.51318179598      
130         -200166.58150719621      
130         -203519.50071657749      
128         -201056.94813069596      
129         -206531.55051372288      
129         -207956.85807022761      
130         -208944.0029871538       
127         -200938.42416621599      
134         -217608.27238976114      
137         -224590.49359142993      
136         -220651.32691840403      
131         -205653.46089969674      
136         -219622.30003366625      
131         -208099.34611631688      
131         -207956.36454894347      
134         -215706.92344175855      
135         -217298.87500935193      
132         -205683.69647198106      
134         -210938.46123114909      
136         -220367.50360950522      
135         -218369.0800226453       
136         -220990.1206524187       
137         -223209.34857419322      
139         -225531.21467886251      
135         -215021.77355804644      
131         -207781.15816151624      
130         -202181.85987460529      
130         -198994.76765459345      
137         -223297.35850848322      
134         -211412.11900025827      
131         -205300.19515001905      
131         -205080.49140592356      
126         -189207.34712336049      
127         -190565.67332088255      
123         -181988.48286752854      
125         -183704.9941249057       
122         -179605.17802481639      
118         -166359.07038163577      
111         -146243.13719326488      
117         -161112.54368877065      
112         -149154.90607506811      
116         -157740.59171179961      
125         -181031.73723616844      
119         -167837.17980486361      
120         -176601.31300423201      
119         -169746.12745664985      
121         -170928.64407347798      
119         -166359.86204774832      
122         -173004.60461008892      
122         -172501.85841505707      
124         -181963.27048114155      
122         -176442.12623723305      
122         -176905.74920428955      
121         -173998.97050262021      
123         -181065.08398122678      
129         -196480.8346873078       
132         -204865.75522912038      
129         -197528.89153524998      
127         -190403.61928399419      
126         -185989.73958111336      
126         -184550.38719263146      
123         -173855.60693639694      
123         -173589.266306534        
121         -169604.12414104436      
122         -172837.4171588188       
122         -172699.75763148695      
120         -174303.81383844721      
124         -187616.01884795888      
127         -193241.42268073908      
127         -197538.54307799443      
127         -195498.26952873199      
133         -206054.16229419454      
130         -201711.17274115622      
134         -214418.36859378821      
127         -196047.42493861599      
127         -197045.88288388372      
124         -186509.03181956007      
125         -187447.42003273306      
128         -199216.66537785385      
130         -205872.58391993699      
121         -181005.95066488007      
122         -179416.50715421958      
122         -183571.98114149077      
123         -186824.68947240015      
121         -179876.48696942534      
125         -190924.9756755417       
125         -193045.63052527071      
118         -170698.54758019495      
129         -200795.2026591223       
127         -197176.35988639609      
131         -208482.73960143799      
134         -216405.89775227325      
133         -216714.22635698784      
126         -194656.1557271386       
120         -176830.37410057889      
127         -189774.55941683217      
128         -194484.23499008978      
128         -194237.616075389        
127         -190186.20837772411      
121         -179153.04552258996      
121         -176165.68564055173      
122         -181439.18171915234      
125         -183722.154615885        
122         -174615.68009163876      
118         -161981.95831216034      
120         -164790.8358330077       
119         -167618.703210184        
118         -168731.8949885875       
120         -174112.34918134223      
116         -166070.66553605191      
116         -161323.23802014551      
118         -167395.33809101352      
114         -160910.73794124188      
124         -186508.24868819918      
127         -194572.43241015897      
126         -190921.20005489886      
122         -179564.02601326053      
125         -187666.79085246322      
133         -209082.79346447278      
130         -201589.87389953536      
130         -201256.64810569497      
124         -183150.05759183882      
122         -176137.39051295596      
129         -198506.66813669985      
123         -182236.71178565393      
124         -179916.58366551297      
120         -170748.54067981907      
118         -168997.57709354674      
124         -185432.57942733046      
124         -181445.89923357748      
131         -202884.79616288046      
127         -187477.862096116        
132         -202243.2258336372       
129         -195643.83083932372      
128         -195560.28468894764      
128         -197093.65627703219      
129         -199811.49994522033      
129         -200866.39512170377      
127         -195258.6164283097       
132         -206070.60161736858      
129         -199399.0698064199       
126         -189838.40226163398      
125         -190321.06506281471      
124         -184326.13343353244      
119         -172049.9519858718       
118         -174071.02407127293      
121         -179113.19346489984      
121         -177715.98620980108      
124         -186649.70871438744      
127         -194654.44773184776      
133         -207251.75403909702      
129         -195773.65155282395      
123         -184606.67661435393      
123         -180722.31493175132      
124         -182545.04850301039      
123         -178400.22699965301      
124         -178180.96200192679      
118         -165790.66279714988      
120         -169464.80788528564      
115         -158037.51023536082      
123         -173686.72828245588      
124         -181165.99720041588      
118         -167999.08027333627      
122         -174926.81504157721      
126         -185770.81274380244      
129         -192412.41751007293      
131         -195601.74952218015      
127         -185510.92591513199      
119         -165968.23848393655      
122         -175665.11265401664      
121         -175553.63623518925      
121         -175882.19874598307      
127         -194000.99522958748      
133         -207760.12582881298      
125         -186985.84659477239      
122         -179580.65818779642      
118         -169307.50088342899      
121         -171718.02734467611      
120         -167728.04995040386      
113         -146958.84791718886      
116         -154097.44712864514      
105         -132024.71372064896      
100         -121422.54407351447      
103         -131197.73438018648      
98          -120450.04497176358      
104         -131770.91069225778      
114         -152759.00300935796      
114         -152156.79710642598      
116         -161405.36752268078      
125         -180131.1118040302       
131         -198199.78685872167      
127         -187334.08130823757      
121         -168851.26044949004      
118         -163289.51205278657      
119         -168648.37851695795      
123         -180045.46601096366      
119         -167871.72857747739      
119         -170846.16605736854      
123         -180231.69383146323      
126         -188741.59247912074      
122         -177428.81822212038      
127         -193418.72169297567      
126         -190952.859754189        
122         -183994.94640671366      
124         -185675.37920137509      
128         -196001.4268274566       
128         -194656.93880502682      
120         -172259.18071185373      
120         -172338.34081055521      
127         -194105.28536278714      
128         -195778.86142895086      
123         -180273.31683280531      
123         -181738.2276381246       
120         -172683.16313749843      
123         -178785.72075788808      
123         -180528.78068443909      
127         -187691.21613436134      
136         -209623.63783543106      
128         -193160.61149261997      
131         -204877.30427405296      
132         -206023.46159802427      
137         -220295.43054795431      
133         -209172.56200681155      
131         -202495.22663595926      
131         -204710.11300160477      
130         -200911.4807673794       
134         -211209.44657129375      
128         -194927.46065282068      
127         -196459.69675400807      
128         -198490.72634055742      
130         -201575.53481781654      
132         -207460.93741224494      
131         -203117.60130527569      
130         -203180.00341066057      
130         -204074.80313054693      
128         -202623.94890621604      
127         -200208.48183163221      
129         -205298.88436680421      
129         -203071.12235644486      
124         -190505.6386174084       
121         -181465.19762046813      
122         -181155.89901252842      
123         -182727.97295020241      
119         -173506.2147308733       
121         -177668.41640965317      
123         -178819.5106701866       
126         -187803.52589330985      
122         -178337.30006643306      
114         -159939.84105246671      
124         -182814.59906262971      
128         -196199.13556636588      
127         -194088.50666941714      
125         -186339.27914203587      
120         -172100.39655169938      
122         -176336.2853518888       
125         -188772.62560119515      
124         -181031.07514526389      
126         -190585.7324266292       
128         -199657.14429881232      
125         -190137.89382438074      
128         -194931.75271833705      
125         -181879.81907073699      
126         -187411.67731252807      
122         -176948.96565054287      
121         -176215.36026559802      
123         -184270.96957624899      
130         -200767.97599877775      
127         -191579.21541343804      
128         -193475.25023988949      
123         -180884.78704665616      
125         -186969.57914961505      
135         -217086.01265157643      
132         -208330.90403109565      
133         -211078.00765013363      
132         -208914.60073280873      
133         -211815.95720590564      
136         -218689.67046236456      
131         -205993.84180014193      
124         -187959.6049915879       
124         -185938.02780213711      
124         -187495.95459632916      
122         -183326.12531784034      
127         -194012.03349889093      
126         -188330.43565824258      
125         -189028.67657809675      
128         -196805.58649686654      
123         -183433.59779748131      
123         -184572.57503285984      
130         -201609.55369346499      
130         -199130.18699990428      
122         -178800.09785465061      
123         -180291.80794952594      
114         -160660.80731824075      
123         -183677.29857537083      
124         -184485.36872987394      
125         -182450.37767542969      
123         -177104.79134992079      
128         -190298.20865469251      
129         -194647.00610349269      
125         -182773.99298259339      
125         -185058.30652526463      
127         -191525.95358030125      
127         -191882.56533265644      
126         -188420.12590446536      
128         -189610.90543050499      
131         -205647.42491445257      
133         -204868.15040662483      
135         -213535.8084381551       
128         -198433.22729195459      
130         -198750.5170469431       
130         -196797.67485062167      
127         -191241.01219712925      
127         -192434.29130732181      
130         -199375.02937938861      
132         -202481.41116153839      
135         -212905.97778772761      
133         -207602.78358781533      
133         -209987.66753693897      
127         -195731.84140692459      
121         -178238.69278030816      
119         -172437.27616155791      
123         -182685.67974507646      
121         -176090.59524335057      
121         -174968.16584793222      
118         -166452.13976505166      
118         -172085.07660344188      
118         -168464.38653176907      
125         -188278.74665753389      
128         -193223.69038963577      
132         -204353.32842781153      
134         -207053.37742726083      
135         -211247.84278518643      
127         -191254.25402396952      
125         -185297.80377344301      
119         -172465.07183667156      
122         -179557.49749994231      
127         -188896.01372931199      
124         -184717.10904322271      
132         -205063.4180986525       
130         -196975.08951295426      
137         -213184.13843707592      
129         -198327.28857701304      
129         -197596.11162190564      
123         -179282.99341319315      
119         -165707.88035447599      
125         -184143.28016876793      
127         -184407.12665126647      
118         -165578.97694780261      
121         -173443.40700807676      
120         -169471.01196154131      
118         -166252.63576088674      
118         -166644.56027126126      
115         -157115.83864253046      
114         -154485.45180493293      
114         -156341.21394519633      
123         -175444.90713255812      
123         -175867.23471900047      
120         -167448.02181359276      
127         -188608.95730645064      
124         -180065.0907288983       
120         -170398.49589038722      
126         -186018.83097802062      
129         -193144.30405425432      
118         -169557.99691585629      
118         -167706.74756513062      
119         -170434.74543239875      
121         -173474.95844154421      
118         -165970.31059018601      
115         -161617.31322970954      
120         -168215.0569428585       
117         -162725.28598090736      
126         -186055.77745401222      
125         -186111.95764310542      
124         -181259.58968713094      
130         -199094.43689339442      
131         -202284.81200962962      
129         -194598.76413037398      
120         -171406.56739599584      
120         -174651.01994178863      
121         -176464.71502255966      
130         -199762.3022793846       
127         -191379.86477478564      
131         -204683.91556236104      
129         -200951.89929322296      
128         -195431.83338058632      
129         -198274.0667267658       
130         -202854.36167044859      
123         -182142.52837303429      
123         -181275.53920485027      
123         -184532.35268928818      
122         -182712.26812023332      
122         -180941.27359245333      
122         -181109.51271313615      
123         -181961.2174901668       
125         -188366.59785495949      
122         -182089.51952010216      
123         -181073.87021193199      
116         -163961.98882183156      
110         -151773.68463371435      
121         -172507.09943717325      
119         -171907.02157409544      
123         -184552.76153792528      
120         -176852.52080815635      
123         -186350.96211089427      
127         -197429.50876129407      
133         -216679.32260161114      
131         -208148.65754272763      
132         -210042.27794735495      
134         -212348.5962369426       
128         -198642.35830539325      
126         -195485.22476174656      
127         -195870.08873350319      
127         -197214.17232302378      
129         -199061.92369048161      
126         -188139.25512409353      
123         -180562.79988459536      
121         -177061.09722000972      
123         -180252.77007639452      
122         -179815.32508322917      
120         -175777.36698021041      
117         -166091.25743274644      
115         -162763.03181131557      
121         -173609.0380345645       
126         -186593.32714871163      
118         -163151.74871170858      
115         -154108.53657705191      
113         -151392.14843581521      
120         -166450.5255766015       
117         -162277.93132968256      
123         -176416.42263111781      
124         -176815.15599492754      
128         -190207.81713675917      
125         -181363.97357433601      
123         -176309.07191842471      
130         -200180.36193690816      
123         -179309.62396804444      
122         -176326.43099916726      
118         -165423.35237234511      
122         -174066.69084158493      
120         -169034.8409132841       
123         -175424.51301135262      
122         -172652.72443742119      
122         -177684.90140241559      
123         -181254.22098336002      
121         -175338.36030920743      
119         -173048.12605035771      
127         -192006.27154494741      
128         -193584.3386316089       
124         -183952.24143892893      
118         -167856.15719959323      
120         -166776.01021833293      
121         -172914.75637886845      
123         -177265.4710213517       
126         -184969.12347011489      
127         -186385.41497871553      
129         -195517.38789630431      
123         -178680.19235225429      
121         -172065.61035561666      
119         -170022.37697491801      
117         -159556.33777687766      
120         -164336.87748691556      
117         -156565.57956709174      
118         -160124.83601093761      
113         -149857.13071591701      
100         -121184.1521309831       
100         -117928.74241479754      
108         -132879.19641154027      
109         -135925.23682649556      
106         -134812.30279130695      
123         -175264.27731252546      
123         -176185.60318154271      
116         -158133.54687864755      
121         -175485.3603050349       
123         -180519.93750856014      
127         -192419.39345153654      
129         -201296.02670328846      
126         -193200.6376454797       
127         -192399.84997838479      
126         -191446.40521625848      
122         -182455.4573730696       
124         -183604.31720109153      
126         -190216.9893413361       
121         -180011.80378898204      
126         -191385.26449219225      
128         -194290.53014148254      
133         -207876.94599039207      
133         -207578.48461229797      
133         -209679.9890886439       
126         -190476.37605306017      
123         -183939.3952836837       
128         -198983.36065322495      
129         -202318.24507756328      
135         -216939.66797036503      
127         -198171.26771855319      
126         -191957.60964795071      
128         -195263.63728311539      
134         -207922.83428732323      
130         -203076.86800562748      
136         -217905.26149686615      
126         -191895.79892530048      
130         -201524.74910746716      
132         -203928.63937433285      
129         -201910.18783507642      
127         -196266.24741787318      
126         -192891.41339755626      
130         -201001.30361338076      
130         -200479.57221949848      
130         -201106.78723747056      
127         -190151.36894568062      
117         -165762.75990506308      
118         -166179.77888745719      
123         -183086.86255226791      
125         -184412.26809790617      
127         -193019.41023914574      
133         -210197.54909239773      
128         -196841.0513543922       
126         -191122.23037531413      
120         -176522.8780625505       
118         -170775.26123123811      
123         -179161.94628788487      
126         -191628.33502461994      
128         -196507.49926534263      
124         -185883.85886774454      
123         -185010.17809468697      
127         -195876.547713682        
126         -194344.94728395247      
125         -191927.92482542846      
125         -191908.26997257106      
126         -195272.2932936968       
125         -191304.19649155269      
127         -196353.07548020309      
127         -194802.87113568687      
125         -186370.86353359901      
130         -200170.87349486307      
132         -209067.02313086067      
132         -209452.18607979166      
127         -191705.53110447689      
123         -179177.76223990697      
120         -171874.22734672879      
124         -177824.19709585144      
122         -175864.59216187199      
118         -163623.32704478074      
113         -152898.80714543661      
110         -145648.65415340016      
119         -166683.22253039654      
123         -180748.87182567583      
124         -181217.01861525097      
124         -183151.81069277422      
122         -181005.00134507127      
122         -177573.62915980522      
121         -174059.09572475904      
123         -179806.29963747755      
121         -173989.08387964481      
120         -172342.61321881117      
121         -176718.22610813397      
120         -174430.50228188711      
123         -183282.06489886978      
129         -194808.11077797451      
129         -194066.80278527978      
123         -180484.18661750786      
128         -193018.2844523004       
125         -189050.93167575929      
125         -186013.58995483958      
125         -188057.84350115777      
120         -175397.12817947386      
121         -171937.56588444393      
126         -187417.38769278245      
131         -198042.9604584437       
132         -201612.99217774475      
125         -184931.93421655628      
133         -208513.80320802829      
127         -191769.87862206053      
122         -179190.5528783531       
126         -188402.65047577879      
130         -198838.09293579526      
129         -196848.17319213873      
130         -197035.44468068649      
132         -204260.21616900666      
134         -211450.63488156302      
128         -192052.98735782137      
121         -175230.43819072418      
121         -175826.02482294937      
121         -175874.55459976877      
122         -178343.36592061279      
121         -175225.0578398447       
118         -168585.84822141379      
114         -158965.99315877008      
120         -172897.43334485556      
124         -185297.22180636457      
119         -174294.0035862572       
120         -179108.26243341161      
119         -176855.23253097001      
127         -191032.09870931442      
129         -199315.48490789841      
130         -201133.93654466412      
130         -198080.78034768996      
134         -213681.92952838773      
129         -199827.36876305321      
126         -189453.71505269763      
123         -185453.61046135146      
121         -178007.09049730288      
123         -185630.92235766537      
125         -191269.24123441009      
125         -192731.26909542709      
123         -188883.72137309265      
128         -194414.34475148201      
124         -188731.15619829387      
124         -185130.4847627448       
120         -172875.71259039035      
120         -174221.80143614986      
124         -183207.91557259642      
124         -185476.40738500917      
120         -175778.13773493364      
129         -198662.46157911443      
131         -203095.32766117458      
130         -199642.76111878367      
124         -185070.03986445427      
125         -186080.65809925506      
127         -189963.18707767379      
121         -177921.8831536595       
117         -165825.87223036808      
112         -152341.21137126483      
121         -178817.16869000532      
124         -187682.68487681661      
125         -187532.39001148983      
116         -162238.25660167009      
115         -159323.6013022507       
119         -167392.76656131004      
111         -149976.6440901625       
113         -153136.88097235793      
109         -144632.31344966195      
121         -176395.46928448789      
119         -174161.71302934628      
128         -195141.82621619487      
124         -182702.73195074918      
129         -195475.73287857085      
127         -192699.48148303095      
128         -197098.91952797273      
132         -205237.80370215105      
127         -187413.55092300847      
121         -172105.72776824428      
126         -189484.40866975888      
128         -195401.61537998708      
134         -212854.27514097351      
130         -202057.67476414674      
131         -205044.33301793085      
128         -199409.0700943626       
123         -183656.50287716059      
121         -182615.13734894514      
121         -180881.58314712346      
127         -199762.77935058443      
126         -195583.90727805431      
128         -199085.74887547249      
121         -182918.4906806357       
124         -191476.80546942313      
120         -182915.51391811128      
121         -182631.51082230243      
119         -178948.38737281089      
121         -181388.90645230253      
122         -187387.65812931888      
123         -186731.12743749801      
126         -189031.2284791203       
126         -187813.96972921121      
126         -189302.44551058955      
124         -182396.08821362347      
123         -181853.42276893134      
118         -169891.4723225339       
122         -180651.6657330101       
114         -166079.60048793809      
116         -168825.07185976821      
108         -148271.94881456898      
115         -161169.26254135178      
122         -179271.73365794533      
127         -197387.62333632214      
126         -196123.86684154344      
131         -212891.18722179104      
132         -210290.9884657849       
124         -191546.3234132943       
123         -181436.27618988536      
123         -179963.07470114689      
124         -180962.36163304313      
123         -179406.71169920874      
127         -186778.16369603161      
126         -189120.82300848336      
128         -196422.67769817307      
123         -182200.79396569077      
131         -202862.23982711832      
134         -212716.25599446957      
126         -188531.84180332004      
129         -191704.53084808233      
128         -193461.72889431796      
132         -201625.15725853841      
132         -204421.03482173334      
132         -206591.9774547847       
124         -184520.28107872457      
130         -200231.11417175629      
123         -183930.94236817156      
123         -176668.18879953268      
124         -180755.02915353421      
124         -181767.74373239174      
123         -179789.84468734064      
126         -184724.39899582302      
128         -188090.29936358906      
126         -184202.91320097813      
125         -184096.58850027077      
127         -184938.87341883482      
123         -175892.35999638904      
120         -169736.94269161107      
119         -168844.82066785998      
116         -164352.42511699951      
123         -181247.99599215464      
127         -187859.89113900217      
131         -201517.78468189755      
128         -196264.14021217529      
127         -195019.94137206429      
127         -196074.22971359675      
128         -197087.79561808403      
119         -171252.09818693524      
119         -171157.97005239307      
124         -186837.66091684424      
123         -180699.61347523145      
123         -178635.93713102408      
124         -180063.22514152003      
123         -176276.94743103877      
126         -187755.87421598722      
125         -183913.48226007415      
130         -199167.16782008167      
128         -197238.00274599288      
128         -195164.45071714922      
124         -185824.37399378672      
126         -189805.33909293625      
117         -167954.94083150988      
116         -164159.12324749955      
115         -162017.20460320788      
117         -166030.81065367861      
117         -159838.00175097727      
108         -143163.20253464821      
105         -131255.99073085436      
107         -137003.31292092835      
115         -154621.42463066897      
122         -171408.44332373605      
121         -168063.03167038347      
112         -146614.92075011178      
113         -150679.25669523922      
114         -148928.11857122814      
111         -145055.4354527464       
103         -127418.95156120502      
109         -136354.71879411142      
113         -147168.18348957994      
113         -149758.55660568978      
117         -156938.5539586751       
116         -159635.79555653318      
111         -145274.3507968265       
114         -155735.992159366        
119         -172736.63384805617      
121         -179523.91314288878      
127         -193380.68499773776      
130         -200207.54165698396      
133         -205331.05931371736      
134         -210080.6587510418       
131         -204507.48500181333      
132         -208966.08704632145      
124         -187173.70934062114      
130         -196496.02538344613      
132         -201208.73460788277      
131         -201144.56106940738      
128         -195043.99200390265      
128         -194129.97715172175      
120         -174809.81254563684      
128         -193729.7454314809       
124         -183483.90304130875      
121         -171848.14854156532      
119         -171034.41864735368      
121         -172620.67084769893      
121         -171404.45497842081      
125         -185149.84031877885      
127         -190972.45442466036      
121         -173880.19368214751      
120         -173912.04117026         
126         -186633.59162480119      
127         -191048.25293985347      
127         -187214.40860262304      
125         -185621.39623543053      
123         -184422.74004002218      
121         -178123.2934704186       
122         -181401.57415739293      
120         -174473.0632989679       
125         -178417.16927249267      
125         -183715.53656988882      
121         -174667.65520484053      
125         -181544.6058727382       
123         -179824.09451878173      
120         -172128.96681284689      
125         -182069.51658857343      
126         -187259.68265614129      
125         -183649.51785928058      
124         -180693.90273054215      
127         -187648.28362309246      
129         -191195.03878674336      
130         -194298.8118769046       
130         -198667.16024579486      
131         -199500.29570914427      
131         -203056.47061610647      
123         -176914.66492388069      
123         -174273.76901579075      
121         -168032.16944331018      
122         -179817.77978550704      
117         -163624.30108302631      
123         -180987.39203520422      
128         -194971.80331850419      
128         -194952.94190907059      
129         -195016.18662998165      
130         -198966.41755763427      
128         -193962.71062804689      
129         -197893.72357428086      
129         -197002.91024848254      
122         -179971.54123481418      
125         -188562.93703106392      
127         -194485.91755038104      
126         -191991.2467744452       
127         -196471.17552591575      
125         -191452.69195100683      
130         -205593.59133947516      
130         -204285.12184693673      
129         -202240.74573670755      
130         -204649.60092447765      
125         -191201.21087693865      
123         -181043.66383132717      
118         -170189.74409896281      
113         -157510.53916051838      
124         -180746.38670039669      
120         -172718.0527472308       
119         -167338.04821974345      
117         -163460.67192767825      
123         -183495.90706193401      
121         -174705.57093712356      
125         -187439.84436050567      
122         -181042.82473030861      
117         -170422.12250004584      
116         -170583.73924616675      
117         -168046.29470432905      
119         -172115.78304801995      
120         -171795.24368732068      
117         -166098.91587772622      
121         -174884.26215946625      
120         -169245.59931046999      
113         -154396.05924175415      
115         -155644.35381268579      
116         -155346.19518280163      
115         -156104.0103279656       
110         -143112.46369919478      
113         -149327.09555950348      
107         -133225.59700481204      
102         -120994.47563975435      
105         -132593.94072135197      
110         -144725.24503505454      
114         -153701.74733623545      
113         -149616.24875628657      
112         -149948.23252098143      
112         -146255.73692971721      
115         -150144.25472681454      
117         -153230.58681113299      
118         -154484.85468791268      
115         -149125.29656357097      
117         -155953.42710987214      
116         -157817.02730881001      
101         -123336.05095728468      
109         -139780.98471853294      
113         -153383.475366164        
114         -153320.155713304        
123         -178297.51490756779      
124         -175591.68253018576      
117         -160440.39902613687      
119         -164725.8182920863       
122         -173200.67509152586      
117         -163778.48026413177      
121         -169084.69984507188      
124         -181027.73196490199      
126         -183403.26380566915      
129         -189343.70688469568      
131         -199923.69154351979      
125         -187146.38553154768      
129         -194143.30605372848      
130         -196333.29349418718      
121         -176430.32982869566      
126         -185598.23183867976      
125         -183803.90203076319      
125         -185396.41870441166      
124         -177991.723942501        
123         -177183.60748211303      
123         -179593.70802010631      
117         -165165.11275752643      
122         -176687.73776213324      
128         -193380.20139842911      
126         -188812.32187328301      
131         -202544.66205978798      
122         -179190.43930840792      
131         -200170.64451581266      
128         -189886.72617344014      
124         -176938.64142200051      
134         -207486.85316823513      
132         -203032.30212784722      
125         -185251.08717830275      
125         -186138.94621020276      
127         -191214.35733840172      
127         -195809.84520246368      
130         -203596.28727381965      
130         -205963.32913765468      
130         -206210.82407033438      
129         -203435.14101309868      
127         -194627.36190130812      
126         -192019.67995554124      
121         -182281.91589047303      
128         -195870.82666770948      
126         -189384.77762219563      
122         -182833.26181010046      
122         -185554.15419925036      
129         -199859.98326488285      
134         -214358.68168367344      
136         -216765.96811286488      
132         -205683.73608854698      
134         -210116.19813697584      
133         -207097.89144946085      
128         -195104.36819060831      
122         -183361.09090033354      
127         -194402.10714552499      
123         -182232.37365458996      
128         -195742.95868244115      
125         -188031.95900026304      
121         -180802.37175946406      
128         -198221.43821276698      
126         -189007.07719354841      
128         -195659.51942365011      
130         -200672.3853237204       
132         -204410.93564739398      
132         -206829.35927705638      
130         -202235.76059614029      
133         -212134.51719715507      
134         -212500.52647871926      
134         -220091.16104752038      
133         -217607.80533997895      
133         -215993.60431260848      
133         -215016.52221411999      
135         -222495.69520519918      
133         -212429.80494153406      
134         -215281.96907165114      
132         -208762.3542148828       
131         -204416.91407999824      
129         -194144.01019750096      
132         -207322.30627952685      
136         -222853.4470565276       
135         -222942.10228047811      
130         -206808.08158458324      
128         -199202.47779898674      
135         -216246.85644208896      
134         -218871.69331987813      
135         -215635.87138920894      
135         -213594.39743438014      
133         -208661.53493521074      
134         -211886.39238991373      
131         -205498.51299174127      
132         -206413.32459891398      
133         -210780.05879270652      
127         -192450.47396599443      
126         -186529.05992759505      
128         -196774.75048497575      
130         -203376.88269202941      
135         -218142.16189064068      
133         -212517.9971934951       
134         -217495.77861574574      
131         -209963.67382040017      
133         -212321.21066348808      
131         -209143.69460351951      
133         -213725.95530201009      
131         -209588.04613892533      
134         -216978.85773827459      
134         -214348.38922771421      
135         -217633.76101981936      
134         -212069.22417080437      
136         -220126.39115758776      
140         -231182.86852815721      
134         -219849.62809546574      
134         -217282.30982202853      
131         -209662.71281109343      
132         -207795.06545436074      
130         -203737.72064744117      
133         -214136.30254664022      
135         -220204.75502272981      
131         -206253.28138521116      
131         -208881.08115424545      
134         -217226.43649685767      
134         -216962.07747778011      
129         -201863.79200974427      
126         -191226.51681942682      
127         -193689.22815279104      
124         -187392.06113804749      
123         -186317.23248367864      
123         -183084.26802517116      
130         -199933.02891086874      
129         -202545.92257204116      
123         -186919.3512650434       
124         -185572.31563543578      
124         -184632.05124278704      
129         -197053.05711981331      
127         -189480.0547636557       
126         -190123.47275363182      
124         -185758.28302961381      
121         -180845.6441505398       
120         -177788.96141588257      
132         -208597.53543482666      
130         -202408.45135321116      
129         -196351.25969094373      
125         -189938.72676104482      
126         -186687.24054981236      
126         -188086.07301561648      
130         -197463.09861383645      
126         -184380.30320960606      
122         -172474.70334998021      
127         -186548.21709597693      
130         -193274.007813576        
133         -206952.22817085378      
129         -196638.19819165935      
127         -192435.09895840031      
124         -181558.95741143217      
119         -165581.26549914162      
118         -166077.98426716452      
114         -158030.12193702353      
118         -167755.35585129441      
116         -162331.93814052234      
117         -160501.05719659213      
121         -171986.52505968048      
118         -170249.4861751514       
119         -171593.01898516953      
115         -155755.01982718674      
114         -156779.98388147462      
122         -174787.60020021425      
125         -184230.01303974245      
123         -178769.40551981286      
124         -181908.32583946033      
126         -185091.71622265119      
125         -184467.79374710243      
119         -167534.49910910791      
110         -145215.59479913992      
117         -161399.64864947629      
116         -157199.17927162023      
115         -155949.68792757823      
113         -153334.25623239216      
114         -156668.61226335174      
114         -158339.13142506857      
122         -176600.40420990795      
118         -165387.21733791137      
114         -153060.46967902003      
116         -159517.05964400977      
115         -155984.00028536128      
116         -159358.14692720445      
117         -157155.14504635253      
114         -149441.21056485866      
109         -133499.42365431433      
112         -150898.7681515225       
117         -161635.01841397971      
119         -168300.10486308337      
127         -190643.78723600938      
129         -190624.68103141373      
127         -186289.17717615026      
120         -171560.29776278365      
124         -178960.45752040294      
113         -151600.44113818544      
117         -162421.97490477745      
114         -156087.37008563388      
114         -156221.80145649621      
123         -178375.05764004088      
125         -188279.63748952173      
135         -214079.12668808101      
134         -214281.54344447696      
131         -207266.50962429916      
131         -206299.34465952584      
126         -191730.65508668689      
132         -207850.21917126354      
121         -177427.54821489696      
122         -181328.65050577218      
121         -179221.85338977585      
129         -198400.15402161286      
128         -195273.53206523674      
133         -209240.12667751379      
134         -210711.69374229774      
133         -205496.3368220925       
125         -182520.18393818935      
122         -174004.63885221942      
122         -177535.17790015505      
124         -181137.00900635534      
125         -185410.86125915969      
122         -173503.22346238859      
124         -182960.49574110375      
121         -173974.21278823222      
124         -181470.50070840048      
122         -174692.66709734729      
125         -184154.09297609687      
127         -188984.61680485797      
120         -170732.73002750333      
122         -169436.47114392367      
125         -184974.74842367478      
120         -170863.3901817869       
119         -169147.14831221814      
119         -170657.60366679428      
125         -185582.88661575411      
125         -185749.50008282208      
123         -182074.61063652823      
126         -186960.9722513381       
127         -191643.32161099557      
126         -189270.09663375022      
126         -192802.2134849891       
126         -189778.59008003905      
127         -196515.09223943914      
134         -216037.26073748551      
137         -228685.64886057767      
137         -229999.15005892119      
141         -235412.09258189984      
137         -225513.37732226332      
135         -222422.68155354838      
137         -229498.6586907345       
138         -230148.37638090603      
135         -223003.82891969837      
130         -205059.854739829        
121         -180249.60154055263      
127         -195218.18217477057      
128         -201133.4852790274       
126         -196097.82632089237      
131         -209834.67843077777      
134         -215676.69421663167      
127         -200493.49157723127      
129         -205272.60801862858      
130         -209242.98015978091      
128         -202228.64070919724      
123         -184111.71154175716      
119         -174212.73986146279      
125         -188820.64973528791      
127         -192862.20271144219      
124         -188644.39986229871      
129         -203486.7636180706       
129         -199520.37898824157      
127         -194303.51163631852      
128         -199138.36603829259      
131         -208877.87365139663      
131         -210241.24653595762      
135         -219984.13342159352      
131         -208355.89235304325      
129         -200005.12116307268      
128         -199042.39032216312      
126         -192346.89784285569      
132         -209876.7897116495       
133         -211927.40534273229      
134         -216656.38307391276      
134         -214315.26977945509      
133         -208709.2880201106       
136         -218340.09716598006      
135         -216492.23152660369      
129         -200131.48525854558      
130         -204414.51439678436      
122         -181783.06162019147      
120         -179808.75672532729      
119         -175620.09675621535      
116         -168960.00604296444      
127         -194875.87622839131      
124         -182720.73934621384      
127         -190778.481230987        
128         -192892.49943029394      
130         -198230.44562889644      
131         -199656.57979759207      
127         -192150.88990454294      
130         -201595.7360110709       
128         -194850.16045948601      
133         -207318.42087123136      
131         -205278.30965500852      
128         -196055.49686193818      
125         -188101.78988371429      
126         -190405.909894082        
126         -193784.22969031299      
134         -216154.81754681779      
133         -213000.35915389817      
128         -196882.8720903275       
122         -181582.45243941763      
123         -182810.68350689139      
123         -181291.10071531791      
123         -183287.15340409617      
126         -193948.18600031745      
128         -198740.94097628476      
128         -199672.84188795276      
125         -192128.80704200116      
127         -195339.59403114871      
130         -204515.82615634514      
131         -206417.46248282815      
131         -207053.77122188683      
125         -192194.34451459313      
123         -182790.6226352253       
127         -190918.35772657889      
127         -197520.23989877012      
128         -201632.907099048        
129         -201847.64923876882      
127         -190836.47628234536      
123         -177427.47443141488      
116         -159831.5989623231       
124         -177590.53005131509      
125         -184174.60340513915      
122         -176747.87727965901      
122         -175139.40946088842      
128         -190498.59594721635      
127         -186197.11830509128      
126         -186373.92183213163      
123         -175744.58998175393      
121         -168887.98669539564      
120         -169144.83780301875      
120         -170526.02820141363      
123         -179780.64280296603      
126         -187784.31439498212      
128         -193550.93621281857      
124         -187866.39056890216      
124         -190065.47396816709      
126         -189864.13394205816      
123         -182159.93843961871      
125         -185292.19961718234      
124         -181155.28090402772      
118         -165042.92589667905      
112         -153728.10656602407      
112         -154347.13738534114      
113         -155343.76463796676      
121         -173434.34322820109      
115         -158236.89684541879      
117         -165405.46820646129      
119         -167349.98081479798      
113         -153340.95511528771      
