480 1 -4140 35 35 35
15          -4310.7668723230399      
19          -6675.7602599581942      
11          -4050.1928339635579      
4           -162.35065526234314      
8           -621.43952819174137      
14          -4369.3106595592235      
12          -3734.2179263689663      
14          -3690.9940927570933      
14          -4327.0236722818736      
8           -767.5798908717079       
11          -2641.5305204640113      
10          -2194.3456279542138      
16          -5023.0068239872417      
9           -336.13756319555648      
10          -2084.5220209018385      
10          -3068.686345304005       
15          -1730.7438869962525      
13          -2221.5373923494608      
16          -3712.1421506565266      
15          -3337.8912153992005      
8           -2076.9046850972568      
5           -38.980366233852713      
5           -39.147592033432957      
14          -1261.6810151124864      
10          -3433.9388476654049      
14          -6122.1776213590856      
15          -6008.9684433905059      
9           -973.09415015385423      
9           -1500.8283432971143      
12          -2808.0125051343998      
10          -1430.4514852129118      
6           -321.23520885457685      
17          -4320.0980646149974      
14          -4401.9513539087911      
18          -6515.6565436540041      
7           -210.25713188818582      
10          -1075.7409326324457      
12          -2564.6832231263552      
8           -136.66141156864393      
7           -1198.4631855907207      
4           -40.12642198600058       
9           -2227.0542687250149      
12          -2433.2130944122605      
6           -845.49355895429517      
14          -4253.7151315807769      
9           -421.14020978147914      
16          -5247.7254034951693      
3           -17.312914393842483      
7           -120.41843708284435      
7           -363.96899608469971      
16          -6724.3488417224817      
18          -6678.492003776827       
18          -5007.0538759003384      
11          -2242.9563940892463      
16          -6606.6582813487967      
11          -1306.7909979159606      
15          -2103.6535218881677      
12          -4268.7692849695031      
15          -4960.4997942287901      
11          -3617.6555693309551      
9           -1131.1077723288472      
6           -964.26572961001625      
14          -4510.2023374498804      
9           -2499.6637016953846      
15          -4517.5942660342043      
7           -1396.9423391958005      
15          -3089.2629192138024      
16          -3192.3595930117758      
9           -1885.0101597071457      
10          -955.30474486790081      
11          -1941.8721822473428      
10          -1796.2335512376887      
21          -11877.296059134154      
19          -7841.1663122741193      
16          -6096.1441050755593      
12          -2367.1548373388882      
6           -734.17828141875043      
21          -9502.5760116106558      
15          -4595.9995359809764      
11          -2209.8830466748996      
15          -4282.0517871460524      
18          -6207.1246305449104      
21          -9124.1051265381484      
7           -1438.0527916169001      
8           -2028.0655407178292      
17          -5246.2864274547692      
14          -7814.3782894822552      
7           -752.73445996769851      
12          -2536.9915465970712      
11          -1731.8534612569936      
12          -1135.0035674528351      
10          -2286.6507984740324      
10          -1990.637798404244       
15          -3501.4138604771483      
25          -13597.87327795159       
19          -7181.4608019278176      
16          -4872.6412795998576      
30          -14310.954773707885      
22          -7779.5900618351579      
6           -753.93523575328823      
13          -2142.6637911180687      
15          -3375.2239610194492      
9           -945.60856861686636      
7           -392.89304761808455      
6           -202.76601167762985      
7           -993.7086470621025       
15          -3893.8742331498484      
11          -1896.3590337668688      
6           -74.927208626827507      
8           -382.65324843202126      
11          -3935.142336076317       
11          -2308.2661076626682      
12          -3660.0031568850814      
16          -4449.3575655217664      
21          -7914.8991495675054      
11          -1965.1126423097753      
11          -1774.749780868083       
11          -3220.2540519849699      
9           -1349.9418267463673      
7           -943.79469725891829      
22          -9309.6082718701127      
16          -3859.8793957428288      
13          -1723.7447460447079      
14          -8144.5295771895762      
5           -395.98114353870051      
13          -3078.8559555995143      
19          -7003.4495605525954      
10          -1466.4965828054985      
15          -4150.9744119374436      
7           -603.20949860391272      
7           -1494.3583690466644      
12          -3570.8357109590611      
14          -3244.4992965786432      
14          -3551.447217550708       
14          -2259.6642597007408      
10          -2332.2308403774368      
11          -2618.926815467707       
8           -954.49786368176206      
19          -6392.5211748929887      
15          -7560.6476794688051      
13          -2149.7810575290573      
13          -2204.020572287312       
15          -2763.3376674047031      
6           -1567.192169014887       
7           -94.003645092587902      
11          -3162.9808700555218      
14          -3234.8794791031091      
8           -350.99027924161436      
10          -623.14225008558867      
11          -2998.7404200369642      
12          -1623.8998196126213      
4           -53.279635440631452      
12          -5077.7179500097391      
11          -2400.9933599373617      
14          -4082.5980080952268      
17          -5444.6467185038018      
10          -1139.990235857093       
13          -2856.368135126851       
21          -8665.647396515049       
13          -1493.5196755447434      
7           -392.87193423292069      
12          -3164.8620226759826      
12          -2387.3415869010564      
14          -2913.1582301604417      
12          -1531.3790819856231      
7           -223.63625202888986      
13          -1944.1299940333283      
12          -2524.9155943590695      
17          -4284.9589679571936      
10          -1443.8303330121773      
16          -6046.0940649622607      
14          -6626.1051661574829      
14          -2672.7283141224257      
16          -6083.6850052111695      
24          -11274.28653117371       
25          -13486.625959448969      
14          -2607.6379968384426      
8           -1784.5014818107891      
15          -4296.2685207788818      
14          -2340.4950289529061      
13          -2659.7014402444192      
12          -5539.0901352914125      
15          -5108.3443268422288      
13          -2213.0130362817386      
13          -2699.4264984338229      
23          -9136.1679423873065      
13          -1169.7215495191685      
18          -5319.2320022516869      
19          -9466.2027892255755      
10          -1878.2279054339967      
13          -2675.8815603665666      
10          -725.94960675926495      
12          -4140.4640489206813      
10          -1252.34964209537        
6           -141.55807768819469      
10          -3515.2054285093132      
15          -5008.4082975484671      
9           -2453.2574205708088      
15          -3598.3739831184726      
10          -868.59855134051713      
12          -2842.3890788422937      
8           -2460.5704167291201      
13          -2561.3056742022563      
21          -6129.8231573163739      
21          -8345.3863526580881      
14          -1895.5574034032936      
11          -1316.9974045636907      
16          -4760.1700821197937      
11          -3193.0977049016233      
11          -3307.4408103529254      
20          -9720.8769397734723      
11          -2262.8881193276925      
6           -45.710077856735055      
11          -1794.2834516439873      
11          -2843.1139642969756      
15          -2967.6255012970846      
3           -12.799395642727326      
17          -4324.0647585758234      
23          -14239.630625455859      
23          -11591.580963382206      
13          -3578.0604124350789      
10          -2570.0132500153395      
13          -6239.0641706621991      
4           -540.35489955140633      
5           -631.74481481302973      
10          -683.95718030673765      
7           -223.49096053343285      
11          -2181.9811489435301      
8           -1903.4668848912904      
10          -2585.839442077171       
8           -1598.6174513824835      
12          -1901.1906089828478      
10          -984.93817954479277      
11          -3670.4383162866229      
22          -9723.3543836889039      
13          -2514.9997964937666      
9           -1579.494269250368       
8           -540.95539157250585      
9           -1603.0407544417576      
11          -2219.0843686989579      
10          -689.77440001909417      
13          -3437.4386089062864      
9           -2058.6443626880191      
20          -12099.587309548788      
22          -7287.7558295882873      
19          -4984.8476121369113      
13          -3625.6593165353488      
7           -404.1353532079479       
11          -2451.397643906641       
11          -2547.0415718945851      
10          -3076.6852878854102      
8           -1216.2855689904761      
4           -41.209487927064401      
7           -704.58221544424805      
13          -4597.3404808730966      
8           -1083.9370280583735      
13          -4061.8579373806083      
12          -4280.0731168869142      
19          -6119.6092382687784      
13          -1902.4872206405855      
15          -8225.6080142642732      
15          -5425.7734180411308      
8           -364.9092444051239       
13          -3958.1873194739765      
14          -4169.5041328874277      
14          -2713.9086344047259      
9           -3263.2573621886359      
4           -24.108817606866971      
16          -5365.1874507633165      
8           -2556.5106207410631      
9           -1721.3762276331317      
11          -1028.4348704948745      
12          -1982.4557350283674      
12          -3647.5226240184747      
14          -3531.603157165101       
16          -5956.2692825364975      
17          -6749.096257568136       
10          -3193.1084555189223      
7           -1693.7219083501095      
17          -5607.2505204856188      
12          -1544.9376030426083      
5           -239.91257728396639      
4           -28.387546196642642      
11          -1394.9818600449898      
9           -3364.0108615601525      
9           -614.38785499760934      
9           -2279.6796898781599      
6           -265.93287080135525      
7           -1682.4660692950131      
16          -6264.3605990748129      
15          -4911.1607707903522      
12          -3578.2615185354398      
18          -7273.0727237483825      
14          -2335.5538051594435      
13          -2227.0681376445309      
6           -2533.7983149567053      
16          -3066.2716379080516      
10          -1140.9898429723949      
17          -5811.1048755944394      
14          -7843.9824821283573      
11          -4592.6338526152404      
10          -480.19918471208285      
14          -3842.853481355965       
11          -2205.4872033675997      
10          -4650.3504228529946      
8           -1604.34723166564        
7           -1943.8237263160113      
9           -518.49791866377507      
12          -2430.2027726459282      
15          -6702.3122865897903      
7           -499.29980250208587      
5           -108.12337740950404      
11          -1666.4408983379117      
7           -78.168518221414075      
11          -2713.4286049594425      
15          -4737.7211458271022      
23          -9482.1063210608045      
10          -2952.1494307283438      
7           -338.24232236379896      
8           -268.8909006298976       
11          -944.09521918144958      
13          -2379.0835849999339      
14          -5151.3154007457124      
13          -3318.6363925777896      
14          -4438.3938158656983      
18          -6687.2355800361838      
9           -933.69089305298849      
10          -1776.0135426712059      
8           -2513.9979922963794      
7           -979.85723988577024      
9           -621.99359200958509      
10          -1395.9338799054578      
13          -1204.3344524026472      
12          -4006.8112538646365      
9           -2044.1605402738105      
8           -1827.3723379313997      
12          -2189.9737971348709      
16          -4684.8613895330609      
13          -1697.5535304622674      
15          -4137.5670552624924      
7           -294.57004157288981      
7           -744.58895534031933      
13          -1991.9929569030101      
7           -209.50728272998484      
6           -87.917201328292933      
12          -2059.7139404219547      
10          -2877.8263463891803      
15          -2086.1476297832746      
9           -1118.2787676991504      
9           -1797.3894674300727      
14          -3937.5921255596068      
7           -1039.1975878399187      
17          -3840.750300659905       
13          -1247.8084823581962      
12          -1662.3892563583447      
9           -776.42499459497492      
19          -8051.4633927934328      
9           -2768.0317898123799      
8           -1410.7653705769894      
7           -428.64396270140776      
4           -737.84495933274866      
6           -246.6982454888809       
16          -3384.3673777809413      
11          -2764.3360935622868      
9           -1361.0199449742709      
13          -2087.4882901297719      
15          -5316.6044310841453      
17          -6253.4166694983987      
5           -37.653526913131103      
5           -40.230591967685633      
9           -1560.5011097658726      
12          -2407.7735799382513      
13          -4032.5975906274316      
5           -56.391857150619984      
14          -2325.2311209103696      
11          -2199.8900257064724      
14          -5894.7561751906933      
10          -1910.7882438681881      
9           -474.89227447841131      
12          -5079.6871255387841      
14          -5734.2153775560128      
12          -3529.6083035989382      
20          -9382.6825130410798      
28          -15150.205124986853      
17          -8703.3294553566448      
15          -3648.6388685887855      
13          -3839.7289523384461      
6           -496.21672333290888      
13          -2766.7297806417955      
8           -998.71411289223579      
17          -3430.7706988839923      
9           -846.55161004956972      
11          -1749.0962986302482      
8           -485.69802286577868      
12          -4141.5989493212683      
13          -2631.882212982121       
18          -8592.3643207808418      
9           -2038.673403609534       
9           -5459.3769168790423      
8           -712.41291985903649      
6           -61.12399532730953       
14          -5016.64004506128        
15          -7127.0194126056958      
11          -1669.9264952667641      
12          -2105.7600025411944      
16          -4488.093114298993       
13          -3279.5743341860571      
13          -1209.5974731081494      
16          -3964.0232252595547      
9           -2357.6680635693428      
15          -4162.9806496907049      
9           -897.44859078053776      
13          -3566.940826634589       
18          -5345.3203637707311      
9           -1443.5587721921904      
3           -540.61068448365336      
11          -2376.6097445210125      
17          -2593.1326819920446      
15          -4851.1803781217322      
6           -97.765459800004749      
18          -5969.4899827483687      
8           -2810.3547004127809      
11          -987.24634040990077      
11          -1926.4770681504162      
6           -66.674887033689089      
23          -8607.359749854877       
9           -272.17836565035464      
8           -2417.7731964472177      
11          -4630.280935623593       
15          -3251.9386185368153      
15          -5215.4447764972674      
14          -3932.6865230822837      
13          -2385.504375547403       
30          -15223.679324603336      
15          -4968.9993108189219      
11          -3146.4844572176562      
6           -2603.5329391685395      
6           -82.275468513263775      
11          -2881.3371161809032      
10          -1820.7292786803848      
8           -172.84162262853553      
13          -2627.0215643525862      
20          -5381.8833568709024      
9           -530.46387285280628      
15          -2631.3645604178969      
17          -4259.2084853563429      
16          -5282.2157026183422      
10          -1092.0380503773797      
11          -1083.8186048035143      
14          -6000.1330340339418      
17          -5070.4982812975659      
21          -10820.889864466782      
10          -6169.1391596814856      
19          -9633.2572870679614      
22          -13192.838774267457      
30          -18905.769517236775      
12          -4335.3874442990027      
5           -37.451300199820245      
9           -2885.3432771882858      
7           -664.7945122518222       
10          -636.22089733115831      
14          -5156.904607602266       
15          -4385.4844085214272      
10          -1293.6201745777626      
6           -838.39105981587727      
8           -2341.6009783224417      
14          -1080.4057695227687      
9           -3157.9566016745416      
9           -2014.0351946519447      
15          -2976.2131082416286      
5           -49.310850674135125      
9           -1482.0769425641151      
18          -7708.6642045035442      
15          -4610.0513655330578      
13          -2771.3794779967648      
4           -37.626278715880126      
14          -3665.9151801916387      
12          -1740.033936844703       
8           -1672.7480469417969      
13          -2531.8002813187345      
8           -264.67287545711378      
11          -2302.2074803784726      
6           -446.50439442196677      
14          -5082.572227585757       
18          -8934.1414324863545      
19          -7299.1517408363125      
9           -1290.8446971917058      
10          -1980.2647591561426      
19          -6269.5428763283799      
23          -11295.146476552478      
19          -5850.2124075034108      
14          -2901.5808874133736      
9           -194.60602595932758      
8           -3780.900296478304       
13          -2912.7630594099724      
7           -227.63327919656163      
12          -4412.5239330329705      
15          -2435.2446308907238      
14          -3833.1267603123129      
18          -4336.2419736338506      
13          -1543.8658945025197      
18          -4320.0657815587774      
11          -2622.8349075246824      
22          -11885.16695427384       
22          -10896.156074579396      
13          -3723.9506733396952      
9           -738.58999595104899      
9           -482.93312799687408      
19          -5410.2355511751803      
17          -5658.7365775038888      
8           -1692.6780602688605      
6           -103.19705108543809      
10          -1452.866213593207       
5           -37.448460651628416      
9           -1768.7183759843467      
8           -1701.5584101460099      
10          -1845.9393724906292      
13          -3872.0579809796736      
13          -1450.2022452239278      
7           -587.20182657997782      
9           -3570.2852377501581      
15          -3702.5261965370414      
9           -832.71266034832297      
15          -4915.2732241043796      
16          -4060.045067557041       
11          -2121.5494118835304      
11          -2310.4088755174221      
3           -440.98799801505322      
16          -5452.0125572315874      
4           -65.37027029155729       
16          -8852.7273093876884      
15          -6122.8511937603389      
8           -2382.8502220826063      
4           -158.46489538997946      
13          -3466.1794041487292      
6           -494.78306129616016      
12          -3604.170138057752       
11          -1787.0304292759195      
22          -11545.454617411613      
24          -11399.107927200088      
18          -4805.435991734782       
12          -5534.7388722996629      
10          -950.38233506621805      
9           -1937.8192177054136      
15          -4876.710220914505       
18          -2968.8802360482637      
6           -1708.2436154199659      
6           -244.38638801076348      
9           -470.13505557900874      
9           -765.4913443056995       
4           -96.110958745985045      
8           -809.16252457099608      
10          -2549.0167685032943      
21          -8289.105165315159       
20          -6841.1215059596634      
13          -4779.3634556885345      
14          -4801.1063029111538      
14          -4854.667018737181       
9           -1786.3965568168251      
12          -2047.9360974821589      
9           -2387.4371450948838      
19          -4660.434225039131       
17          -6881.8386815669992      
14          -2858.3417368672845      
7           -270.91451834768657      
14          -2958.3238677234062      
14          -5526.7968543849529      
12          -3983.3627528279612      
11          -1928.6033870183371      
8           -2177.7271678307429      
16          -6278.4293663025728      
6           -486.36366534330676      
9           -1361.6987887382581      
14          -3590.8651885449535      
10          -2550.7173713939051      
11          -4856.1707586762104      
13          -3025.8865565906631      
17          -5770.7541276265702      
6           -114.15130353688949      
7           -374.25097017353198      
13          -2700.777694133038       
9           -913.26403482248031      
12          -1447.0692004101547      
17          -5929.1192032109784      
10          -782.81477746577798      
9           -2914.5804785480072      
11          -2966.0681512494511      
13          -1976.0762910508079      
13          -3489.7676463911798      
14          -2018.0627630106333      
12          -2775.271807924174       
15          -1717.1471772652681      
27          -10769.692473599756      
22          -8220.2263394756119      
22          -11442.854491745544      
22          -9415.9069454328801      
10          -812.98231104729803      
11          -3309.3681169824249      
9           -293.80540769201207      
12          -1133.7211681497181      
11          -2051.3867340429156      
11          -3149.5623258269202      
16          -3405.0922974353766      
19          -6994.1444665117151      
11          -3268.2991752680059      
19          -5062.3912121494604      
15          -3595.0812082365364      
13          -2735.0541402120334      
12          -3180.0681475741249      
16          -8028.9861325866577      
12          -7441.9720994102854      
26          -14137.501294863443      
22          -8838.2897494787994      
14          -3638.8946036297357      
23          -8571.1723993672476      
13          -3888.8457531436757      
8           -521.25741056076936      
4           -48.656026314643384      
6           -154.44128425738904      
12          -3286.3339461025575      
3           -14.906003025844189      
20          -2452.5676112969727      
24          -8696.0151008967969      
21          -11054.888162461732      
14          -4808.8036511973542      
6           -76.304761702644399      
9           -2199.6188358620348      
7           -293.97695616372476      
4           -22.754481142634805      
5           -163.2330648824051       
15          -4713.0793711923261      
18          -6419.9270635430894      
22          -6911.4849675446176      
12          -2423.7006971740843      
16          -5368.8671296425873      
10          -3181.6639455104159      
12          -1503.7589980923212      
8           -697.21732631384134      
8           -1246.4816611890922      
11          -4666.182899639065       
6           -59.557717590246597      
20          -5045.9379319349864      
11          -4317.0723293619894      
10          -1530.637580275323       
13          -4083.6881784393577      
9           -2756.5994553306064      
11          -2851.1850418933586      
15          -3936.2768274225928      
14          -2995.9129781284878      
17          -6057.4217164653073      
14          -1883.6303445658084      
10          -2943.2169218330441      
11          -1758.1076366342832      
12          -4838.5954339566078      
10          -1861.4329139246358      
12          -3667.8930163748828      
11          -3639.3115161796045      
16          -3886.1037325212528      
18          -7668.0726040882073      
16          -6682.4238976288561      
18          -4659.1394634306444      
19          -11005.97423563811       
15          -5060.7835378800783      
15          -6643.7031272000531      
15          -4235.4612251750486      
8           -1695.6794693945876      
9           -2372.1287022388806      
19          -4062.211897143452       
18          -4185.3750581514378      
11          -4758.6690928186717      
11          -1537.8217640201294      
6           -125.94618252430932      
9           -888.94622461432948      
12          -1428.5566252085891      
8           -863.94175264789965      
8           -966.19560942917224      
18          -3298.8322464460834      
22          -11496.549677874676      
17          -4466.5309046248485      
8           -664.65640070225845      
9           -1942.36766917144        
8           -1022.5273678866465      
12          -3079.5574531231409      
14          -3486.5053295935031      
16          -3896.068970865213       
15          -6347.4958248917637      
16          -6648.5402119543023      
8           -1589.2739096611717      
8           -1397.7571037936605      
17          -5789.5957343680748      
16          -4094.5496461506909      
8           -1323.0854618325016      
8           -967.91537588844335      
14          -1430.4564415850161      
21          -10404.14855463232       
19          -5859.9745183890191      
24          -16419.454508475534      
26          -13103.738686889272      
16          -6201.7192577072165      
18          -5862.0271465408014      
7           -718.53221887717143      
6           -684.59388751456822      
9           -968.13875640141714      
10          -1695.8068309940311      
11          -598.96956172994271      
17          -5330.8246637411594      
19          -6090.5320303898407      
7           -1373.9567203942238      
8           -626.47937361490108      
11          -992.09007762017143      
8           -1121.5002436151153      
15          -4557.6108626725663      
6           -375.84007946474895      
2           -5.6886202856566026      
15          -5394.0807475366391      
14          -4003.3839522826984      
23          -12943.204015271378      
19          -10120.563014068895      
21          -14641.576308348265      
15          -7338.0707317455954      
12          -2338.2436991589316      
9           -866.82557240840083      
13          -1828.943296759425       
7           -430.12166234073379      
7           -2087.0737657633881      
9           -560.83756518449024      
8           -2425.8139586566049      
16          -3582.0110662213729      
17          -5494.125893958776       
8           -1547.6482705525625      
8           -1474.8624513750506      
12          -2268.6603552750521      
18          -6617.3881298653323      
14          -3606.9290653082321      
20          -9966.0460921268586      
7           -1190.8956790448133      
4           -22.754481142626524      
11          -1872.096390014563       
7           -1512.6039510761952      
15          -8053.7259145483258      
18          -4282.4183630011667      
20          -6790.2847668620434      
6           -417.90399513055212      
17          -4697.5138596118777      
6           -1315.8301699245721      
10          -2407.5176647564058      
12          -4850.6252876104372      
10          -3662.5948497729405      
13          -5023.1498158214536      
11          -2697.523620515678       
7           -1075.5261689561514      
16          -4586.1678724598805      
15          -5695.4098538380595      
13          -2963.738967696494       
9           -157.3968257545628       
11          -1879.6039485724393      
17          -4039.3869581932627      
12          -1272.6907175733099      
15          -3365.2676427236515      
12          -1235.8403823364374      
5           -1108.465184910259       
11          -2854.6338064068545      
11          -3079.7236350115359      
6           -1269.65091600952        
20          -3772.2034707070516      
8           -2169.9659366659198      
18          -3111.5775609406201      
10          -1607.5116234427442      
9           -712.86376087520046      
17          -6472.779078633188       
20          -8093.4818100462107      
9           -1215.7316698707543      
13          -4776.6556120425375      
15          -5851.8571249888573      
13          -2819.8405614886674      
9           -1326.8730633418122      
12          -2391.0282023918967      
7           -763.63966150579006      
7           -462.61104787736895      
9           -2110.520308511288       
8           -1320.7155567908646      
6           -414.42612948438347      
13          -1642.0723187443639      
17          -7155.5529605370202      
15          -5439.3862487182132      
13          -3015.1522322781907      
6           -131.00527305964309      
9           -983.95574385643079      
4           -662.79751959039208      
13          -4707.9466015292828      
25          -8803.6645709106087      
19          -9118.1113412264458      
13          -3068.5934526101341      
25          -12659.953705508493      
19          -3801.303488325324       
10          -2254.2616608327526      
13          -2517.9672629757797      
8           -603.15472682873838      
14          -3316.570513001885       
13          -1527.8530697911376      
4           -565.38475080615228      
9           -2511.8121141059823      
8           -1625.4066460789413      
12          -5602.1488723575594      
7           -3546.9319770915226      
9           -2251.122073905452       
8           -1434.3044519212385      
11          -1820.4906202770228      
19          -5892.9238490081789      
17          -5960.5459923569515      
8           -1508.2435386408731      
10          -1388.940749013331       
14          -4463.605264049831       
17          -6676.5012680537639      
6           -57.719159549067399      
17          -5201.6200478102692      
12          -2956.0620158438596      
12          -2560.2108757529481      
8           -719.5194939010205       
15          -2578.0165775952346      
4           -248.94419932543548      
20          -4406.1713936773685      
22          -9763.6479931607446      
26          -15925.646076242705      
12          -3608.1022056446877      
4           -347.46030714797462      
14          -3340.1311612583404      
14          -5396.8994208837003      
13          -4009.9544027552429      
11          -1634.6128067438685      
12          -1899.3046639189449      
14          -2590.2934201823632      
13          -3774.6531447598409      
10          -1085.5129266775036      
10          -4151.0888848526893      
12          -2692.3479151774777      
5           -487.44221854053319      
12          -1176.1217919018882      
12          -1835.3535124702378      
16          -3252.9215438767897      
8           -770.18286270526482      
21          -8740.5806907973183      
21          -8756.1159615118031      
8           -1323.8226947124513      
14          -5753.319090796851       
16          -5184.2342178128893      
7           -1136.9831959815263      
11          -1072.9823240950252      
13          -3235.3335581931556      
14          -4539.5695098406431      
5           -552.48262768699396      
14          -6879.6135151491953      
14          -5789.7952800775174      
16          -6023.7861624155366      
15          -4869.4303506225024      
14          -6165.5346652244534      
19          -8695.8042711945636      
10          -2442.6450481598854      
16          -3978.3052971310676      
4           -533.83486038397905      
14          -4844.6828687914021      
12          -2469.3307247415119      
8           -1414.2368095058207      
8           -1642.3533369895792      
11          -1030.6542997130466      
17          -5107.866341957334       
15          -5357.8235012156456      
11          -3220.3769988716308      
12          -1289.5528836559881      
14          -3254.7445600436531      
22          -11634.056404493518      
16          -3826.1611543318936      
20          -13318.625509486896      
12          -1960.2301811648283      
10          -1466.0173699219251      
10          -2141.7218283934089      
17          -4819.942392880168       
19          -8309.8735550854126      
9           -2068.3733938121654      
9           -1556.9520969156301      
12          329.80740395619085       
8           -2200.1357873715547      
9           -1461.8989414710413      
21          -8422.8006093403637      
12          -3127.7853013176659      
14          -3995.5546450280908      
8           -2184.493264183543       
11          -3600.5599725215675      
12          -2220.2463060734199      
11          -2846.2737281808913      
17          -6243.5755708595389      
15          -6630.1762811442632      
15          -4859.4851139799266      
11          -780.94231534079984      
10          -1084.1696029531136      
7           -1404.0717509442577      
8           -919.1527465991644       
10          -2534.4257071009056      
9           -1354.5587157058158      
25          -6658.2935058547282      
19          -8677.8818940495803      
20          -9434.9877570857097      
18          -10203.281957262132      
14          -3423.508853398976       
21          -8505.4485982872066      
19          -9574.1574673120522      
6           -339.5253385062818       
14          -6173.3622670993236      
22          -10115.286486759756      
26          -13401.300645829271      
23          -9268.1143356396842      
25          -13557.794866065104      
14          -1348.9735564591488      
14          -2103.9277727943904      
11          -663.56857010831413      
18          -6940.5286919065447      
10          -2444.0128409429085      
17          -4117.5569200177088      
11          -991.56944542907456      
10          -2354.8371183596828      
8           -435.34921391691643      
8           -825.97886970359559      
6           -112.67760857359737      
18          -6618.963181954894       
15          -3236.0182366283584      
19          -7384.7458503093731      
9           -2046.4001181118465      
14          -4376.8483502590734      
24          -9738.1426863332908      
11          -2163.4033168998153      
16          -4517.5024554122574      
7           -635.36314026614161      
8           -2383.6276180283198      
12          -2240.3474107746115      
9           -3243.5059021873017      
11          -2436.0704248242259      
13          -3044.506299073872       
16          -11170.255873040032      
13          -2722.1193368933245      
16          -3936.7602176587111      
17          -6839.0723290296373      
28          -15047.328037563169      
24          -13271.362049098025      
18          -7594.5351741284385      
15          -6656.2453832323636      
13          -5219.3433888401114      
8           -623.94605978103914      
9           -1010.3014747503036      
19          -4152.8488964213875      
15          -5991.0827389758806      
7           -1278.6163119080179      
13          -5440.3944379486766      
9           -1754.50287845402        
8           -716.93249769056706      
11          -1125.864759817201       
9           -757.549582122728        
25          -13306.019430864459      
13          -3201.2900228925541      
15          -4766.0304033737411      
10          -1084.6081157357387      
10          -1841.1127572941873      
12          -2444.0738501459687      
7           -1118.2954321512661      
11          -1393.1011214874945      
8           -1195.6623418500749      
13          -2251.3151862052546      
18          -7021.6050965484565      
4           -197.18834716353965      
17          -5081.1530611593025      
12          -1878.2911717214026      
19          -6397.610653356086       
23          -7501.2058415484225      
12          -2974.9820753368481      
2           -5.6886202856561088      
5           -35.553876785353566      
10          -2659.0375678475775      
11          -2901.7889366265176      
21          -9658.4437061385906      
14          -6794.326621999141       
15          -4381.8738893391383      
12          -3328.3051936502779      
13          -1726.2822293070319      
10          -808.00215462904589      
8           -1070.8625852854134      
9           -1758.4066458242821      
12          -2639.9656327498046      
14          -4280.4216371427647      
24          -12321.707590330929      
22          -8231.475543645005       
22          -8554.2847720865047      
21          -7147.5700221701754      
12          -3276.8189636773859      
12          -2448.9020146745461      
11          -1611.4335046338465      
12          -1702.7681388612737      
8           -1376.5716692362246      
14          -2636.6967121109033      
10          -744.72039825939828      
4           -150.43164183773277      
12          -3679.5318180978429      
14          -1812.5509104440814      
10          -2577.7233501277478      
22          -9860.1195720730066      
12          -1296.4177433846467      
12          -1616.6698249015667      
12          -5430.4363192725841      
15          -7898.3055148197182      
15          -4299.8137985986104      
12          -3013.3356381557355      
13          -2100.1541223732761      
13          -1930.2154526274039      
11          -1675.2686878406685      
13          -3404.3163887683709      
12          -1317.6542787657904      
12          -2540.1079658529616      
13          -4047.263181788087       
14          -5998.4509879265643      
11          -1282.568429925585       
12          -1744.449291638995       
11          -1404.9483275804287      
11          -2643.3779483653821      
12          -3341.0790409060442      
10          -1425.2394293165341      
14          -3327.7517424152325      
17          -5912.4440019222739      
10          -1572.8369925754575      
16          -3735.8564388674863      
4           -62.399842659057938      
15          -3126.0880455960273      
13          -5137.9436284751437      
20          -5908.6331793328845      
27          -15591.171486690082      
24          -8248.1381277957207      
14          -5714.0339524045639      
7           -762.23328367113822      
6           -1158.2855442490768      
11          -2802.7113528040968      
11          -1372.1764621667976      
7           -3100.8260242795486      
17          -6023.4140788262694      
7           -1773.2061488378495      
18          -4416.5224812407168      
6           -443.21666352950416      
13          -3422.6319190180448      
10          -3046.9928584141267      
13          -2611.6374603872027      
6           -625.65856391837247      
13          216.67758178188021       
10          -1112.7176180558511      
8           -1698.8287882922809      
5           -1163.6179497094456      
5           -66.897798455540425      
8           -222.42373927064341      
14          -4697.7510673769411      
21          -14796.136595446109      
17          -6890.9465339982971      
11          -991.9019779203021       
18          -5521.7679256799574      
11          -1941.8282103499889      
14          -1148.5709018393688      
14          -3222.5595108816633      
21          -9003.7499475939076      
18          -8190.9927431308897      
18          -7234.8889175516742      
5           -45.852668352671813      
7           -823.93779022823287      
3           -14.44693319824334       
11          -1588.0052713036321      
14          -4101.7814597801171      
11          -1148.222187949516       
16          -2890.2188414043885      
11          -2011.8386864089709      
24          -10223.566515609349      
12          -6171.2732140811677      
12          -3127.5691367161712      
7           -118.0336665567776       
12          -1190.2592875110208      
6           -132.82917429469245      
18          -8769.8013180991402      
16          -6731.2218259898809      
10          -1899.8965390762253      
18          -9563.192901110493       
5           -273.16393713781792      
7           -340.79274042499094      
10          -3673.2056739287759      
17          -3838.1992250370163      
13          -6397.3858793680429      
17          -4757.4390706457361      
15          -5410.7615795922266      
7           -1010.0361481780288      
13          -2383.0920393031779      
13          -2541.0705389613067      
7           -679.88022147566392      
17          -5519.9335659523676      
13          -4107.5643661950207      
17          -4529.6990308021359      
17          -7457.1056760543624      
8           -3843.3295248479803      
7           -863.59885305010482      
11          -3605.1553961781469      
22          -9090.5869269346604      
17          -4431.9432338032457      
9           -1603.1362261000693      
18          -8318.5888197405566      
11          -1881.9212193735536      
14          -2107.4795552329251      
7           -1707.1312216530102      
13          -3348.6568175627663      
19          -9565.935409800044       
16          -3111.9152453851402      
5           -371.69051380795327      
6           -59.17682805239393       
20          -11383.280898969615      
11          -1724.2510491889354      
17          -5047.0681733550928      
12          -1593.3025229769898      
10          -1313.163305914667       
18          -5409.8467442029296      
8           -2588.6674907218639      
19          -8785.2396687835244      
14          -4103.1442295624356      
8           -2416.9655382122746      
12          -3569.5036260476195      
7           -896.8968349769732       
12          -1333.821904945476       
10          -1206.5357445970767      
9           -927.52359126345766      
8           -435.76679280158413      
10          -949.576030254329        
10          -1761.494985954178       
6           -2074.3896109304305      
11          -8458.7135699394603      
17          -7041.3193385785589      
9           -2461.3332244744965      
7           -1111.286528345641       
17          -8377.8427314757173      
17          -5345.5786887373779      
12          -1384.5378407008573      
13          -1427.8161987921258      
11          -2103.5844987148025      
14          -2308.2953340448371      
10          -489.44559161100216      
7           -135.32466898637639      
19          -10422.76332492751       
7           -767.59151717305838      
13          -1375.9665522304786      
15          -5918.6184931283769      
18          -8399.8716613052547      
13          -1878.5874920650162      
12          -2832.3358123914413      
19          -9249.6416645532699      
14          -6068.8462417838355      
9           -317.43189603399878      
12          -4128.9095944198561      
16          -8037.7730107276866      
10          -1616.1021244683341      
13          -4766.2803750665316      
9           -3283.6353159678515      
9           -564.38877820306118      
5           -43.751087125801448      
10          -1918.1885686678816      
14          -5858.0891958132834      
15          -6990.5728653533088      
16          -3565.4747391538049      
19          -5594.3147996935722      
12          -2642.9885227995446      
15          -5296.2852949247608      
21          -8979.8878254419924      
18          -7977.3933924750672      
24          -16417.794838594255      
18          -15207.290501425859      
19          -6263.506559524355       
15          -4719.8152178198225      
10          -3727.5391498233621      
7           -1399.5065675248156      
13          -3935.9984039888159      
17          -7831.5457303479152      
8           -774.44181453254373      
14          -6047.3330869344709      
21          -10044.830237964279      
24          -13276.484219824251      
9           -2080.8195583344032      
14          -1879.5102241775051      
8           -1837.8758844285676      
8           -1435.4323126182376      
22          -13594.413227385139      
18          -7873.0587872300966      
17          -7977.7741372755818      
17          -6131.02975220803        
22          -8823.28621446131        
21          -10781.110156734272      
6           -167.6268351610338       
14          -2138.4015841420751      
3           -50.131257623473111      
3           -12.799395642726731      
11          -2195.5629710215112      
11          -2578.461748720893       
11          -2898.7827954506356      
7           -1309.568177692506       
17          -3257.0751814659347      
13          -6355.1831800123136      
5           -142.04082860589099      
13          -2902.866206113612       
14          -2603.0492366157191      
15          -4667.2969829710182      
9           -1889.7009859805         
6           -82.397584259389134      
14          -2996.271043517304       
11          -1144.5007434906147      
21          -7601.9270164757963      
5           -80.416822971773371      
10          -1421.8763884147995      
24          -8075.4594395800168      
9           -510.40267702517713      
5           -218.36544894712191      
11          -1891.0018468489332      
5           -268.1215838233486       
10          -1786.2960826959998      
12          -2697.6862847404209      
15          -2107.2527708627863      
15          -6056.5049307567369      
12          -3131.9139746870546      
6           -443.73974059547976      
14          -2426.3791598782218      
21          -12517.980300731744      
16          -4635.6537920106384      
12          -2152.1138101094666      
15          -2619.5703925536623      
16          -3051.5405434109894      
19          -5965.1062492858428      
15          -4854.7555436024986      
14          -5523.1680732618925      
20          -6202.4196247989275      
7           -541.6873466397451       
15          -2779.6525672091648      
10          -1260.4964374600843      
15          -5803.017526312291       
24          -12029.652982781026      
16          -5590.8163854892191      
17          -5874.1500818807835      
6           -57.224640174410347      
8           -1047.941788219817       
21          -9428.7018321547384      
14          -4894.3630898411266      
7           -155.09742804353985      
9           -1166.7743184691813      
9           -850.86912807228157      
13          -4135.9208434782058      
6           -2824.0649285558261      
10          -2577.4724474046334      
10          -1691.3176280109758      
16          -5694.8150109431563      
5           -54.993051930442498      
6           -652.37835228946642      
3           -12.799395642709477      
14          -4650.6716863808806      
13          -4333.3278432873258      
16          -4547.5540026827521      
6           -1041.410905992791       
7           -1261.9813761944949      
11          -2956.44126393018        
14          -3123.3608938209959      
10          -599.16365088704822      
12          -4784.200556381159       
25          -8713.2473146467582      
7           -501.0608322896029       
23          -9856.1148186029786      
17          -6520.4520809760206      
5           -52.755678716448543      
18          -6180.0568424607036      
17          -5670.1212804443367      
11          -3498.4434426220701      
13          -3591.6616169239351      
14          -1977.9652688877927      
9           -2588.6503297670474      
9           -1362.3032519639673      
9           -600.34172458746241      
6           -955.96496804034177      
6           -288.19340665608712      
12          -2755.6886719738004      
13          -4142.2234104181262      
12          -1768.2822428588343      
6           -68.999343763913856      
21          -7789.4076320182339      
12          -3252.1001938197851      
10          -2890.2733018147301      
17          -3532.5254041164576      
25          -10011.49911666369       
10          -3510.861709178313       
20          -14346.57088904036       
33          -18296.412589545173      
25          -15207.987274813022      
9           -1434.0177749910338      
11          -1967.8194606336776      
12          -1949.3643220077615      
8           -1256.9157304714508      
16          -3674.1746435678847      
14          -3550.4683815050585      
6           -227.27685148532271      
12          -1500.3264448407174      
19          -9138.7776565625736      
29          -15190.186361515905      
10          -1922.0574743471004      
4           -37.281541839638251      
8           -1000.0458667587725      
9           -2917.5469290507258      
5           -768.71125656166566      
11          -1656.4150193665569      
5           -36.99121917891253       
13          -3859.2092759701322      
20          -9064.1312725388634      
14          -3939.4160114638094      
12          -1147.9433779760755      
9           -3055.9017311152475      
11          -3194.3986805175432      
9           -433.37479462225281      
12          -3108.8575834684752      
11          -1383.7416234887714      
10          -1863.8142643261765      
10          -1369.7474447228587      
12          -2169.5972897705301      
9           -1650.5131571858838      
12          -2869.331487760749       
10          -770.41235520436635      
10          -1912.7527914582085      
14          -2839.2646625248153      
10          -1284.1053275596164      
7           -306.20892097770331      
5           112.44804268096567       
12          -2100.465964304256       
9           -831.48065603301063      
11          -3172.8012074888666      
10          -965.20543814778671      
6           -548.29100716844755      
9           -278.24114181627215      
17          -6357.9440969186826      
24          -10770.148840171349      
21          -6701.9251878788818      
16          -3183.6162864163157      
15          -4335.9268441364593      
12          -5315.2123119590497      
18          -6315.8140680488132      
12          -2333.4491168950494      
11          -1060.3452466141598      
15          -6835.4044761190898      
17          -6942.0221146934882      
13          -2589.4254596776868      
9           -1458.278438789705       
12          -4317.8669262803314      
17          -8025.9841007282694      
17          -8652.9924972421832      
11          -1546.0133214345085      
11          -4817.2072564509699      
10          -2472.9570560295174      
13          -1582.2654770430343      
6           -533.19924615166269      
7           -1012.6810061124426      
13          -3681.9405184976658      
11          -2462.7231286734154      
9           -1589.3687186759753      
5           -101.47301617540954      
10          -1770.8784724481659      
18          -6309.4887947875559      
15          -4026.866125249157       
19          -11302.22416238291       
24          -12174.136578573582      
27          -17274.075807899553      
19          -8353.7216156445866      
5           -118.87673962497264      
5           -35.553876785322501      
16          -4785.601257300711       
10          -1208.8692813444286      
13          -2361.2940767661876      
7           -1465.5586707166876      
16          -7455.0846379216682      
20          -8704.1183992410843      
13          -4857.3043970301815      
9           -1798.4482489434192      
18          -6186.317823325855       
5           -973.72328578657016      
10          -1359.6675290707251      
11          -4039.6891410398057      
13          -5155.0074542885031      
12          -2935.3426741777303      
8           -342.25551651311326      
8           -2603.2849249842802      
13          -4283.7172380546263      
12          -2607.1897605127224      
8           -1412.682760751971       
14          -6376.5540462431936      
17          -4583.6105085923982      
12          -6522.4665710985491      
4           -99.117236776376501      
13          -5025.7397232399835      
12          -1967.4324713231829      
10          -849.02345403664322      
8           -1445.9340930578021      
21          -10198.606680049208      
17          -5101.7913509768323      
15          -6409.5779279883682      
11          -948.00623978010492      
12          -2959.5049294116757      
9           -3243.3035945282509      
11          375.1246699053512        
9           -1031.2659592516711      
6           -282.45156482850314      
8           -1009.7242885310097      
10          -1417.3533662010122      
5           -452.87677002979524      
14          -3289.0867770429827      
15          -1759.420161234676       
12          -4204.2118059934692      
11          -1422.5377618347484      
12          -1473.599727601749       
13          -2410.0763850579992      
7           -511.0819648992582       
10          -1136.2993882737546      
14          -4729.2255306107663      
11          -1994.5036942007805      
12          -1767.0366618229089      
11          -3034.5925459747737      
13          -4028.2288923320998      
6           -782.63329472966961      
14          -3202.4481507347737      
20          -7829.7606695607201      
18          -7141.9886021883931      
26          -11748.815042234904      
7           -754.90575567097903      
12          -3634.5724934737955      
7           -1570.3958041959975      
8           -500.2272902946919       
10          -996.29429448682617      
9           -482.50637057885297      
14          -6676.8873995546801      
9           -2440.4491579446894      
8           -1088.0999180907415      
10          -1061.5521781515681      
14          -4800.7804974289229      
8           -1092.0890746039404      
15          -4910.83588047598        
13          -2892.5916694196253      
12          -5103.7320359608802      
12          -2012.8174681941396      
12          -3798.957515810303       
13          -2838.8277257879813      
12          -1675.6896332425817      
6           -1778.7631133590464      
10          -505.20554007352831      
7           -1977.4389921922491      
8           -1671.7725696140676      
8           -1456.6463722147664      
10          -1605.8645016687242      
14          -3009.9108174411886      
20          -8833.8042297648062      
9           -2216.1861800358029      
10          -2398.8064753382264      
14          -5897.449971621636       
16          -3329.3815279992641      
15          -2545.3663945289927      
6           -1222.0979002700797      
11          -3628.9941882130588      
7           -639.21978679966605      
12          -2049.8290475247422      
11          -3126.4388619241513      
4           -25.181401946407011      
8           -2172.7816943973908      
13          -2472.8761502103225      
14          -5816.4657621805864      
9           -1884.2950515810846      
11          -4411.3234232883624      
21          -11639.282618575886      
14          -5786.7267590357824      
16          -5314.3400260890166      
11          -1129.8659879179856      
14          -7459.9071259691127      
13          -4694.8042825538587      
13          -3419.8199747717813      
13          -1655.4709826714627      
10          -3969.4315395104036      
10          -1741.6855334277052      
8           -2520.1402917113278      
12          -2339.1536949988817      
14          -5904.5442816194318      
9           -1486.7209465902463      
9           -2589.3477338995708      
11          -1148.856659180766       
12          -3556.3469365128822      
13          -3589.3859797022214      
17          -5720.9400055039996      
15          -5684.2399320946515      
10          -3411.8035472862362      
8           -1084.6779029723416      
8           -444.20729372197701      
16          -3469.1914069564182      
12          -3705.0213795046529      
5           -966.13714555753006      
7           -458.4371403918999       
13          -3363.620030581762       
14          -2612.0876525829954      
9           -3476.9535076949178      
26          -15344.188924805734      
22          -7503.1232590764939      
14          -4481.0047919092603      
8           -814.84195274493641      
8           -1974.9873785012373      
16          -5839.8761898152061      
17          -6009.6962675412478      
16          -6786.2756980418408      
9           -214.44932205450908      
13          -2963.0765011219264      
11          -3490.9941526861589      
12          -2253.3886805993893      
10          -1512.250057015764       
9           -1382.091511977568       
11          -2446.2631085369767      
17          -7223.8347847519135      
10          -3190.9515753001056      
12          -3833.7074350356352      
13          -2597.230756145048       
6           -140.10213064113967      
13          -5893.0833687477407      
15          -6679.9662726085671      
16          -3309.2089994430003      
8           -2007.4556059871816      
13          -3899.2171448861268      
14          -3165.0389977576783      
12          -3886.5444273987559      
14          -2147.66261501898        
3           -12.799395642746941      
7           -492.57288270258994      
7           -194.07951945834819      
22          -5766.3343054171137      
15          -3040.6770483195696      
13          -4009.5501575656153      
7           -331.0705340539472       
16          -4266.6505429033032      
10          -1591.2115203156432      
17          -6174.2328155920268      
16          -5378.6457973144152      
12          -1959.1385793177631      
5           -717.01595445423948      
16          -5190.8717473856977      
9           -1576.6633534156811      
2           -5.6886202856533803      
17          -7021.6731249204886      
15          -3101.3099639881229      
10          -3404.7469166976839      
19          -11896.250427673285      
18          -4756.464123377832       
22          -8848.8571152093446      
22          -10388.172538212519      
31          -18385.252352359646      
26          -11575.319004077355      
11          -3713.315328409215       
13          -2077.2427262438796      
14          -3928.6015680972073      
7           -275.82304499480017      
16          -8881.5147679915917      
8           -1721.3467703546694      
11          -1637.6745877061971      
6           -235.62991079390775      
12          -4918.8583070485411      
12          -4170.1306120113131      
16          -4694.4306597439645      
12          -3029.1658540523867      
17          -5484.2433968020669      
17          -6763.4595681370829      
10          -2371.0597426420927      
9           -832.82266673598917      
7           -274.22822184544191      
9           -488.45602892793556      
10          -1862.5604133259437      
13          -6674.9001670497155      
10          -479.52613925323357      
9           -347.30305576946415      
5           -512.37222430367933      
10          -2151.7665713230667      
9           -1376.8498670036508      
15          -6782.6187870005542      
26          -11664.453674850352      
12          -5071.6072982507185      
17          -6853.084883057496       
7           -805.73685693851894      
15          -5765.9981193071008      
9           -952.93489832022294      
6           -51.197582570906164      
8           -334.85416491037506      
10          -1648.1577686704161      
11          -3056.3779928576255      
11          -1636.9952629711922      
7           -1253.0449119929583      
13          -5129.4590210983824      
11          -7553.0402071414983      
7           -1134.4508495132802      
12          -2166.6220100117944      
12          -3930.9890113429951      
9           -512.66693601953193      
10          -2884.9946940979116      
11          -987.00689476657919      
9           -1493.7237890400772      
17          -6372.3011563592236      
14          -6500.435181436229       
9           -574.80445968623553      
8           -1271.908049817622       
11          -1717.4877963300853      
8           -424.9861135874234       
11          -4115.2440813384492      
17          -4769.8087203772038      
9           -1296.162481023486       
7           -1629.2059492953626      
16          -5850.8116698334479      
15          -2494.9269283271615      
4           -252.55406897959534      
14          -3317.3041560617862      
7           -639.63800365945531      
6           -146.71888389873226      
11          -3091.6161730608892      
17          -9724.0523418761095      
10          -1753.6932818447876      
13          -2009.4132979776775      
5           -44.628824947237064      
10          -2623.8401705782644      
10          -549.85405058471906      
12          -3937.6224706662638      
14          -2513.6201596942951      
7           -1517.6361048121889      
4           -1143.9659986841593      
7           -652.57485899247342      
7           -235.84310008538327      
11          -1204.6982222991244      
14          -2906.7658875552156      
3           -12.799395642727099      
10          -2885.0959878275976      
16          -6987.7422093078349      
11          -2630.8028009373388      
7           -2442.5687430582952      
13          -4669.4337378568998      
7           -1746.4628400902218      
22          -10255.435174767137      
15          -10343.898007541959      
9           -3265.6076637432816      
13          -5337.7051887853759      
12          -2370.6262532936871      
11          -2073.0815030784602      
12          -1957.1166954298326      
11          -2134.9224446028506      
10          -550.3988873655353       
9           -1328.2444015851786      
13          -5078.8646751891047      
12          -2808.7549909055269      
26          -16968.128544383097      
19          -8094.1960428284019      
19          -7163.7039972488556      
15          -5594.2253480998088      
13          -3239.190865675524       
12          -2957.8361466252645      
16          -7097.2878373073263      
10          -415.31802342685739      
11          -1338.8920907526058      
8           -1886.7146871673153      
17          -5847.6616938554243      
10          -2392.7339816333965      
10          -1953.0232296245613      
14          -4244.1106471582152      
10          -1667.8994233390724      
7           -1337.5468463015729      
5           -284.17864315554721      
13          -3422.6114367006294      
17          -7130.083280986104       
10          -1978.7162666383879      
10          -2464.4308703768852      
10          -1334.4736500976851      
10          -1045.4433398767478      
16          -5315.9221180065451      
16          -4559.1202906104354      
10          -2190.0199379954365      
11          -886.82578281169037      
15          -4060.4787151979876      
14          -4523.6026653178833      
12          -1811.207022471835       
8           -1690.7999295178104      
9           -1032.4742281363101      
2           -5.6886202856563397      
8           -556.45116675382928      
10          -928.40161587149055      
9           -1631.7455641850352      
10          -746.31245089744948      
7           -209.40537396855942      
12          -2233.2208658108389      
8           -1619.7833961541476      
12          -1435.4496900051192      
11          -2954.2342149735287      
13          -1423.8782111844819      
10          -746.61228358566018      
7           -580.44057518666989      
19          -7415.5894846075944      
7           -1482.5784881314489      
7           -1295.4493180947461      
13          -3470.9153352484655      
8           -925.79368225580743      
4           -24.149377245751733      
14          -7276.3278577580113      
15          -5881.7919556355864      
16          -2653.1239615010149      
7           -467.81133012912824      
9           -2815.2481991273885      
17          -3977.9179105030607      
18          -6245.9507630474136      
11          -2720.271841304494       
10          -1638.9694813169685      
6           -1344.1398555090345      
5           -1089.142584800511       
10          -1594.7305458272212      
23          -10896.980033768252      
11          -426.40681056576761      
13          -1570.8791878298564      
16          -3203.4940794289291      
7           -333.82910548676557      
8           -136.12417166915952      
7           -1376.1779621751921      
16          -4995.0925199649964      
19          -7418.1282269930907      
17          -4889.3792222919747      
11          -1521.1740742622426      
4           -22.75448114262764       
10          -2008.6379278735685      
11          -1852.4027278762044      
2           -5.6886202856566239      
10          -780.03444218408868      
8           -1472.4635404695737      
10          -2343.6234047065573      
16          -4693.6806337352846      
17          -5012.600579118799       
9           -1286.1960428834402      
2           -78.305126288455767      
14          -2688.1809200440312      
10          -1441.1459624876011      
15          -5172.6672170691127      
8           -1559.6306061023361      
13          -3923.4730783858918      
7           -814.8363905798509       
8           -943.48311770390933      
10          -2347.9446686812967      
13          -3501.2009644975205      
9           -876.8047245009202       
8           -949.15929144632173      
7           -2278.2889931253535      
14          -4239.1988885519468      
14          -2677.3884617448257      
12          -1054.2491303211407      
10          -1909.53889146047        
9           -1563.7344982474383      
7           -143.62754983940494      
5           -255.52554256437728      
12          -1478.5414538735736      
9           -1556.0433661562554      
19          -3698.8549673231855      
10          -2713.2015986276165      
17          -2960.4433524527408      
17          -3643.7117801291688      
23          -10202.376997923646      
29          -22275.464401352147      
18          -12260.212673228338      
25          -15019.669426390379      
7           -692.95784990190566      
10          -1653.7155608618916      
6           -490.6066918846123       
10          -1418.3489158169793      
11          -2947.6715210324251      
15          -3032.7094606174314      
11          -4056.8611187546708      
14          -5233.7804658078567      
18          -9020.140799975532       
19          -6828.2373733657432      
12          -2559.7720998147302      
6           -852.81817962971718      
7           -916.37154465114088      
8           -807.15771565740943      
16          -5487.2263468564415      
7           -1604.0736883947304      
2           -5.6886202856563362      
15          -2307.3325943760333      
27          -10553.355872983026      
11          -2555.8726348621071      
4           -27.308460285713885      
10          -2387.337005676035       
21          -5200.8361897904542      
13          -4143.7628512480442      
20          -7024.6723714698446      
5           -414.6186694812053       
8           -826.51327818006848      
14          -5360.3557867317313      
13          -3184.6801690196589      
11          -1940.2679298283795      
10          -1420.7005183753697      
5           -1402.0209025912961      
19          -8169.4512916382964      
18          -7417.3449176278118      
8           -1673.3016137886796      
15          -5516.4794732755954      
12          -3185.8155180870108      
9           -1712.9653892771623      
18          -7712.5846711875793      
12          -1466.1528453344065      
14          -5160.8513997129921      
9           -1480.3874060765063      
14          -5181.4602979288766      
10          -4470.0242662162909      
7           -1226.1066497049353      
20          -9115.2793811303145      
14          -6270.0681277744943      
11          -5259.4114747421891      
3           -101.24458524786687      
16          -4398.5648607956527      
9           -560.2535141493687       
16          -3311.0793046582103      
14          -5209.2528334166464      
13          -3162.3680388177945      
10          -1861.8144634950331      
13          -5319.3623006559556      
14          -5381.5822932263918      
7           -527.06097322532401      
9           -1124.833437266127       
10          -282.26404240995367      
11          -935.88968943277746      
10          -2962.4973839873628      
19          -12601.257194897622      
9           -1386.676816694842       
17          -7814.8250715100476      
14          -2672.1570310522038      
11          -3033.6214815153744      
23          -7470.2181427832838      
18          -11431.938476704241      
9           -1559.6065123217463      
8           -1141.8916640961756      
10          -2882.6091386966227      
14          -4509.7050889839402      
11          -3937.8342016616207      
11          -3363.9478489908374      
13          -3038.3842023931979      
5           -81.585341413755401      
12          -5082.4685486493618      
14          -2776.098667847255       
11          -2084.798605198182       
15          -4594.9702618007323      
16          -6458.2055415181403      
16          -3770.7606857209585      
14          -5514.7708121717105      
15          -4805.3584834141029      
16          -930.82448463282969      
11          -1217.9461644828968      
16          -3270.5027413090334      
7           -237.59703843828876      
8           -2144.2050691758036      
6           -339.78832454912077      
11          -509.43151342815804      
8           -643.3805329209265       
11          -2897.7062862162707      
10          -1046.3203420522839      
14          -4348.2991454197863      
9           -25.272986568448829      
7           -255.42605948412196      
10          -1497.909914158244       
9           -3138.6091896236671      
16          -4859.0154329751385      
13          -1163.3965505600522      
10          -1555.5507075100129      
11          -2034.0420781610201      
13          -4066.7289252717769      
11          -3105.6205205792662      
10          -618.12319939581607      
10          -2806.0259100799199      
5           -51.940150635418576      
11          -3256.8346212357451      
5           -92.790559479020374      
8           -118.52983280017415      
13          -3142.5986410564901      
19          -6067.7242337286452      
17          -8561.6601429307138      
20          -8904.8818041661634      
17          -8375.3716102331673      
19          -5237.846405960544       
6           -204.80259953839217      
14          -3738.1970621646315      
10          -1378.5810269954186      
10          -1246.6913694339653      
9           -694.70769133740612      
6           -558.33849564021284      
10          -1823.285441941556       
9           -3488.1232192007092      
18          -5968.6363268988671      
13          -4451.1766168030235      
15          -3981.7104485533946      
11          -4917.8697127949599      
10          -2615.9514340686464      
6           -1121.99474021574        
15          -4898.1717975877273      
2           -53.201336367949501      
10          -1037.1533258882557      
13          -4642.767512315052       
6           -91.377615066345442      
19          -10913.900137293087      
16          -6804.4997921262475      
19          -8552.0848057574058      
17          -6228.1863409765665      
11          -2630.7695071507756      
10          -1355.3853103747444      
13          -3844.4664180721838      
14          -4128.386269268427       
11          -2791.8136029744883      
8           -2168.585796643466       
12          -4869.3307958905089      
23          -8214.9930889669831      
17          -5032.5300872430898      
19          -11103.563647270261      
7           -280.45476360258715      
14          -2498.9265464826099      
13          -5756.4434698125142      
8           -1108.190911713396       
14          -2945.8811453706835      
11          -1604.6769480607934      
14          -4219.0336413443865      
9           -2507.7121378990623      
11          -2253.6952608529964      
12          -2728.6898373708332      
14          -4849.8705672679052      
15          -4884.9145121873453      
21          -7187.1784698370629      
12          -3601.3774217190135      
12          -2005.8144970959884      
4           -722.46902051494374      
10          -3515.28167735538        
10          -1304.8166076156131      
7           -1164.4953240371356      
13          -4712.6089131976569      
12          -3291.8538347720009      
9           -1490.0288084652595      
21          -9008.2026908166517      
13          -2289.2087678767302      
2           -5.6886202856573025      
14          -1295.0590975904672      
7           -1009.2860720038246      
10          -822.88667713065524      
13          -3360.3203415295748      
13          -5371.6060532677729      
10          -1581.3883064531456      
6           -578.09745731262706      
12          -2465.2377258998995      
15          -5369.6091487338581      
12          -1661.9411096062722      
17          -5554.2461456503615      
17          -7207.0102593400898      
13          -2395.0634686125818      
16          -3375.8273337792666      
10          -1291.5223553666235      
21          -8655.6335858219936      
14          -5195.4041681124536      
11          -1420.9996083559045      
20          -6238.6989726138718      
18          -7461.7746866699636      
16          -6953.2018397620759      
14          -4471.0058795924206      
17          -4226.7384477108535      
7           -653.78794509240129      
5           -1219.5925049573023      
12          -3590.2868814587196      
12          -1608.0923058460646      
16          -5158.2261958622848      
12          -3545.2713104017785      
11          -1754.6732341565148      
11          -1641.3135954786699      
10          -1754.1288557260591      
19          -6971.3129783318091      
15          -4358.2391137621762      
24          -10063.968006596737      
16          -7412.1906467069903      
16          -7511.5392009809439      
3           -173.91290327424204      
11          -2229.2342774846566      
8           -583.8919643505626       
10          -2775.7957682719821      
11          -1693.9958836854369      
9           -775.78214122073098      
15          -3382.87310730737        
17          -7940.3084355038282      
17          -3468.0335563810013      
12          -2516.356575231815       
20          -13633.471481290368      
15          -6495.5332179648176      
21          -10295.348388466578      
16          -5913.5093830910564      
10          -3839.6665786418657      
8           -2488.412252424238       
12          -3652.0874896540868      
7           -1539.0240802329999      
2           -5.6886202856862891      
8           -1752.2208002800478      
7           -804.00121781900975      
19          -7929.7871351527328      
6           -1197.6472691659119      
10          -1428.957666459379       
8           -805.27593788686295      
14          -3028.9479359966208      
17          -5862.5107913838756      
19          -6588.9774739036438      
10          -1911.2843798444026      
15          -5417.3872819365079      
9           -2232.0125184259741      
15          -6827.9199654025688      
8           -1092.3393575344883      
19          -7703.4897857884662      
13          -3589.9416058305046      
10          -3958.238733356467       
13          -3801.6565014322528      
13          -3263.1369276794089      
9           -412.61373552302121      
4           -22.754481142643176      
9           -1135.8478557694732      
7           -857.80663982001056      
10          -3180.3981260437722      
15          -2668.8933739216968      
16          -4450.7772724357183      
8           -397.00955462480698      
7           -142.86882666662717      
8           -1453.0645218099874      
6           -1061.4136604558637      
7           -362.69570206256788      
6           -1749.6909199734189      
13          -2000.3663047016607      
22          -7596.3425672489229      
11          -1503.1780568968968      
22          -8010.8292893048038      
16          -5481.0574560405312      
19          -6417.5015718581562      
13          -3264.6241383552242      
12          -1898.0775511363011      
9           -1346.4248052883022      
8           -1552.6310333401661      
13          -2601.561364817394       
11          -1705.6526119080245      
10          -1479.157499621612       
14          -2351.9276116424389      
19          -5499.5831621480256      
15          -3544.5830917508297      
17          -5069.2824830335539      
6           -76.195275973142373      
7           -1305.2924777268372      
15          -3367.1170912748216      
12          -3238.8432790755128      
4           -692.21330063429116      
15          -5994.4319430787154      
17          -4203.2332765611718      
12          -5466.156895173498       
15          -5201.7689975817793      
21          -8819.2005059652674      
17          -4511.0354723380215      
13          -4069.8120001307666      
16          -4711.3461618371348      
19          -6143.6075316278375      
12          -3818.9432090219293      
10          -1112.0292075633897      
14          -2252.3513311790066      
14          -2916.9403778286342      
7           -2654.4866103692921      
19          -7475.8864660049039      
7           -286.55722660060411      
3           -12.79939564271158       
14          -4884.9764665404637      
20          -12043.678669002746      
20          -6544.4905009515469      
12          -1857.0182110843664      
10          -2214.4863146724447      
13          -3954.5858436995782      
7           -589.71034352390143      
10          -1938.135017860664       
8           -1954.9400608700673      
12          -2654.6644262320324      
10          -1532.4860220039202      
15          -4256.9004654648525      
16          -6993.0036434563226      
15          -3381.4795997835458      
20          -10670.752751656339      
13          -2228.9675357688689      
14          -4860.4090956372329      
11          -480.7331635780198       
10          -2015.6730355269715      
10          -1326.9767635050941      
16          -3549.8805140871364      
14          -4436.4793297481383      
10          -3376.8416735268665      
15          -2934.6846783432707      
16          -4813.4710567286866      
7           -1452.7296241390311      
13          -5421.8529723682723      
8           -461.86263770357692      
13          -1837.5353951722341      
5           -54.733318004275361      
8           -2169.8333704088436      
17          -4719.2604568790503      
10          -1424.0974604723076      
5           -739.94033265590735      
11          -2901.5544112947332      
8           -471.30857031667534      
9           -1449.808226152363       
9           -1267.4633350149168      
15          -7160.5675738600885      
10          -3124.1801493437024      
8           -1161.3134368910764      
8           -2557.6419963996577      
24          -11176.588305591287      
14          -3981.944667872699       
8           -181.54829403728229      
11          -870.25166092143161      
13          -2984.20571065384        
16          -8532.8629186344333      
18          -4598.4503747986419      
9           -1603.9009734189656      
7           -1203.1803364187829      
6           -203.84815200542636      
13          -3907.1725304072975      
19          -5436.6174482973811      
11          -1478.6800268761338      
15          -4479.2542967786485      
19          -8871.6637058903216      
7           -127.45659569680203      
6           -352.10531279982519      
9           -1483.140758734432       
17          -7028.2551164496836      
6           -875.16117992479622      
6           -279.49191232274899      
7           -777.43286616656849      
16          -4256.8670110802277      
8           -2713.7456782922573      
15          -2271.4324357784194      
14          -4610.4374189286318      
5           -631.66887908047818      
10          -769.61507227275115      
18          -5619.2840542465865      
11          -3549.7761808706109      
12          -2352.0793196989839      
11          -2212.7572531590545      
13          -1885.5713655759926      
11          -2217.5968894621183      
7           -557.75253356504527      
7           -765.45328948355723      
12          -3755.5411472232804      
19          -6714.3215890113906      
11          -2930.4262931062963      
8           -3102.3640812028343      
5           -1050.2887275163125      
11          -2048.6082326716246      
18          -5872.1254091031751      
12          -4698.9443911799272      
6           -82.084878917315521      
2           -332.78304150656373      
16          -4469.1998213808056      
8           -1926.7187747102666      
15          -4800.7051576871891      
7           -3418.4763964288795      
13          -3248.8339476687966      
15          -4256.7235461147902      
10          -979.46357865318146      
9           -1626.2592719283002      
8           -1698.3764569655232      
15          -2518.279060615982       
13          -2963.4454824521345      
12          -1355.9621174703709      
17          -3115.2179394853019      
9           -1478.6756561144266      
18          -7746.814192911711       
9           -805.20752434336532      
7           -754.74964918429225      
14          -5376.4100508412876      
11          -2270.2642469255275      
9           -2487.1078771010698      
14          -3482.1726063024521      
7           -1426.6166807161039      
11          -5079.4237802983871      
15          -5236.2244629589832      
18          -8798.7679025078196      
18          -4532.1448393797064      
14          -3846.4114008906786      
11          -1139.7230992890065      
9           -1979.5108513258904      
12          -1100.1359121050064      
5           -65.368239158966574      
8           -863.5463169588777       
11          -792.29383469954053      
10          -642.08418798679395      
16          -6351.9368298764666      
17          -7522.0954163486458      
16          -3125.0085649500106      
11          -1064.4122093511237      
10          -2193.3357302008039      
12          -1089.1015902383635      
11          -1984.6523933737112      
6           -833.45944582751963      
19          -6810.0644761399735      
13          -3403.3928053098821      
12          -2581.6994352551901      
8           -588.77186825733907      
20          -7926.1085057167347      
8           -321.90064757156563      
11          -4167.8352426989359      
13          -1877.0755636535487      
8           -635.65809201521711      
10          -1054.2345413021856      
19          -8439.5120458504935      
9           -444.70304422870277      
14          -1525.4559837497764      
10          -1950.8204019512204      
12          -1059.5682648886882      
11          -2741.8022757716785      
8           -1162.0572105481988      
14          -3820.723757123892       
3           -12.799395642696503      
10          -2308.6201745119847      
7           -134.20418890464683      
13          -1655.8462894135805      
9           -400.07461794229823      
10          -1021.8119107619627      
9           -743.99183291194572      
14          -4310.7003886384919      
10          -2260.2951179206016      
13          -2207.4854681471652      
16          -8226.7576875651084      
11          -1598.3797147310108      
17          -5209.2559817791534      
17          -9233.6241769803983      
13          -4240.7206867289933      
10          -1678.6150652609408      
2           -5.6886202856565635      
15          -5127.9533739359513      
12          -3181.8549567445543      
11          -4089.7188857376591      
8           -539.55634187307601      
7           -262.803283707361        
7           -1073.0843228364399      
7           -433.33704916268596      
8           -973.01180008583924      
9           -3011.6746829963759      
12          -4114.1958567785414      
16          -2954.8494086346363      
16          -8799.741451275775       
13          -4470.6692826631688      
14          -4082.9386271436665      
6           -181.22796046387114      
21          -5643.8398551077189      
15          -3750.2014926171109      
6           -656.82641227537692      
14          -2456.946456099698       
12          -1372.0536014979848      
13          -3272.0733930353649      
13          -2276.5853615038104      
11          -1597.5956379412396      
13          -1228.7387760677884      
11          -1549.5668420280178      
12          -3246.2138812852431      
10          -1885.4701370778416      
17          -6397.3054631836758      
21          -8060.6589822301139      
11          -1417.5698832547328      
8           -3209.0244053541219      
3           -12.799395642728907      
14          -3743.4295220635136      
12          -3807.3204550029955      
8           -2675.1171458947792      
13          -6503.5994762578357      
9           -1749.6364492661744      
5           -538.6553386550429       
11          -1961.6905957936058      
6           -1522.380207193364       
14          -3741.43809647744        
13          -1715.3318742887645      
19          -5830.4989860222759      
8           -1560.3341152742419      
6           -962.73447125974781      
6           -51.197582570911564      
10          -5339.3624558887414      
8           -1930.4133935664036      
13          -3988.7305371218658      
9           -2504.7925028532754      
10          -1759.7481630454793      
16          -6433.475861680502       
8           -1512.3178368286176      
14          -1436.1295000677421      
12          -1590.2331698173296      
14          -2738.2019897910682      
16          -8810.7139432351614      
13          -4487.6721254335816      
23          -12253.417606404517      
18          -10002.771678355874      
18          -4847.7682673119443      
8           -1309.2580866765888      
15          -6707.9567999676428      
11          -3735.476580561935       
11          -1425.8925272953163      
16          -5020.679311347114       
12          -3292.977804471358       
5           -1037.8464651317945      
9           -1803.8433683812891      
14          -4190.1265811815329      
16          -8201.1597464827682      
18          -9711.1594978546236      
12          -3335.3361234006693      
8           -1752.7499903879443      
4           -50.687728906142809      
16          -5014.9899652553631      
15          880.77627757092807       
9           -2110.1009444254423      
11          -1360.1135630376068      
15          -2904.8830231107772      
14          -5882.9670851899091      
7           -1399.1839900052005      
8           -767.5117440219426       
13          -7183.0904072856256      
13          -620.55338842534331      
16          -4563.8148631778704      
4           -22.754481142626624      
9           -2987.1887423265089      
11          -2151.5171128678635      
15          -5809.5402610349793      
11          -2237.9649411181085      
4           -150.24633929361727      
13          -4077.5430931252845      
6           -394.46312235800741      
18          -7150.484245065184       
15          -2648.2028005751636      
18          -7405.0069608699605      
22          -9214.3396375358152      
18          -6174.2510349373697      
8           -1239.2746959502495      
14          -3140.6727002535335      
4           -22.754481142609375      
7           -1373.7048788941897      
14          -2124.1287878674448      
7           -857.64150866371574      
9           -1558.8323927820004      
24          -12097.18917854042       
15          -4368.7981810913507      
16          -5537.3743337356436      
10          -2530.1521487999544      
7           -273.57329432401349      
15          -5273.4655458257585      
7           -1713.9334715459183      
5           -1623.2223977112621      
7           -1202.2475450875845      
7           -2031.0287275194153      
9           -609.37491686991609      
8           -2027.0416588302805      
14          -5170.7757667404658      
7           -292.70424543983876      
9           -1751.7337689480769      
12          -4643.0084623434441      
6           -65.700883578240592      
9           -1604.6102364879564      
12          -2410.9254257738453      
18          -6038.0234436207284      
9           -828.75935353199145      
15          -2412.7034091815472      
13          -3217.3330993554323      
12          -1116.1011970293357      
5           -590.96604656576847      
8           -2103.6447100036844      
14          -4210.820542530053       
9           -3080.522527240279       
14          -4792.8848831873083      
10          -1380.0507026479929      
13          -6379.259493599382       
14          -4887.6798189861929      
18          -4942.8593419162744      
11          -3769.9522526985556      
11          -2329.1477831781276      
8           -1321.2324581090309      
12          -2870.609080960719       
9           -2150.7742274507991      
2           -5.6886202856530961      
9           -2850.6235547237252      
6           -386.43653980063993      
7           -658.12157559055379      
6           -199.97974756491408      
14          -2165.1158391946642      
11          -1947.4129801569745      
6           -786.14733186665831      
7           -129.57534328953113      
10          -2760.4679244135123      
8           -659.58205747749639      
10          -1067.4449655814542      
17          -4517.5649808226754      
13          -3738.1161712732414      
19          -8244.0277007140176      
14          -3450.6082667871592      
9           -2417.1268866728351      
9           -729.47769195738272      
8           -362.05618666847096      
8           -1739.3355187503016      
4           -251.9750944054536       
13          -4101.1978877238125      
18          -6040.6629666140698      
13          -2989.6520983474029      
17          -4074.0831675451377      
9           -2220.2349597391831      
7           -1183.7086361495453      
2           -5.6886202856587946      
11          -1644.2067137630781      
11          -1859.0751095980238      
7           -145.82804224700661      
5           -238.8015380275915       
12          -3454.7388622842909      
11          -3835.2583454954506      
7           -936.98770806444861      
5           -894.82225675439111      
25          -10597.649843553907      
13          -1995.7022439580114      
20          -9220.1775739536988      
10          -3206.7818905408199      
13          -2009.0925273588887      
18          -6632.4152159081777      
19          -4771.1929509129914      
21          -8860.0809620009677      
13          -3121.6492062392817      
11          -1672.3636468212651      
13          -2695.029787927082       
3           -62.526983591424354      
15          -6172.7202540533735      
12          -5089.4359615998246      
18          -6115.9315431597643      
22          -9401.0535038061316      
17          -5704.3890013479522      
19          -5576.7048436197365      
16          -9503.1857903439359      
23          -9736.6608014331014      
10          -2209.8850844918875      
15          -5072.1380150334016      
11          -4243.3599932476563      
10          -944.61729745635967      
9           -1004.3014394049908      
16          -9133.3285559188516      
29          -21080.092331845677      
19          -5545.1289255491747      
8           -447.29851343559886      
7           -455.51437447136539      
9           -2066.7004405210773      
8           -1420.812637286728       
14          -3295.7900972613511      
26          -13530.415294408884      
13          -7223.2228922774211      
27          -12189.213232042805      
29          -17264.078633076617      
24          -12176.253750815022      
20          -9766.2474718650919      
12          -3205.2711354520602      
12          -3336.2645175602474      
9           -2727.3596807858767      
16          -5033.0482819596937      
11          -2947.0701822582582      
13          -3845.9312863689829      
8           -766.63986193541905      
5           -35.553876785332818      
4           -384.76671102356227      
12          -1916.6497745833717      
11          -1496.120795806693       
9           -1126.1408639115266      
16          -5346.5964651629774      
11          -1343.5997518487852      
15          -4595.2491045453507      
12          -4294.1515933629971      
15          -6705.8678222990457      
14          -4957.2594775927191      
9           -2107.4835437302822      
13          -949.14617577239483      
9           -1745.8082448026194      
13          -3312.6778123432146      
16          -4540.5228496648206      
5           -498.00816333110265      
13          -3478.3238965440905      
14          -2007.7510537696442      
18          -5559.1030966800581      
8           -4237.4667359321866      
6           -108.67361704545232      
9           -679.25398568400976      
11          -1387.4715339061231      
11          -1430.898985473488       
13          -2532.2706947811885      
11          -2433.3143202523461      
12          -2499.3965257562782      
11          -2116.9425898711524      
6           -388.07820957421575      
13          -5341.1960283805865      
12          -3887.9635125646223      
13          -4961.7408349727266      
11          -2662.3372229799093      
4           -65.315832615144785      
10          -2672.336601525787       
9           -2718.2356742193297      
13          -3106.8022953955397      
18          -4576.0031515868923      
16          -1961.9989007012568      
9           -1343.2836357193316      
11          -953.81761415318988      
1           -1.4221550714141067      
