150 1 -968 25 25 25
113         -25120.217328951585      
102         -21720.594131513484      
92          -18188.274171793531      
96          -20393.432257249522      
118         -27992.978076230633      
125         -32446.225304544132      
125         -31926.691468381727      
121         -28237.839792962754      
123         -31615.046201685458      
122         -32186.236048499566      
123         -34906.871212398357      
121         -31862.601123586464      
122         -32525.267815783962      
136         -38646.24575693626       
129         -36058.149734319966      
111         -29674.084376087339      
115         -31526.387367817799      
109         -27575.486289103261      
123         -33798.314251004704      
118         -28840.553629745871      
110         -25565.060540590188      
98          -23315.660036657056      
105         -27704.597825936555      
112         -27518.303505469023      
116         -28890.509233608045      
142         -40820.392131751687      
142         -42081.108986728228      
146         -44938.240514017831      
142         -41574.081959474272      
148         -44392.45966876841       
156         -50162.19292416027       
155         -48466.856043053114      
161         -52678.86603945493       
158         -50922.115963959965      
164         -54852.094685888835      
153         -48703.929966146854      
154         -48317.490742114169      
150         -46550.990407630714      
158         -49826.185602787758      
169         -57391.728058305904      
164         -55484.839690991015      
157         -52388.69878562948       
158         -52477.593621440137      
162         -55246.218954686548      
173         -58530.814764355891      
180         -63657.329333424845      
175         -59597.295783354952      
182         -65316.692639534631      
169         -56177.754421237572      
165         -54705.988233673976      
142         -43214.997962138164      
140         -40211.654989973322      
140         -40672.248154238689      
133         -37591.349509578147      
155         -49332.71860805466       
151         -48854.329405793978      
145         -44854.369935812792      
147         -45887.427471435127      
145         -45199.682063101274      
160         -54708.162540304125      
177         -63858.368169537105      
172         -61521.199876161787      
170         -60111.069614161199      
171         -60829.994985774523      
179         -65795.423415137324      
176         -62352.924008791299      
180         -65086.459107250383      
191         -74166.449170490218      
186         -70144.442875806752      
192         -73873.776545378889      
195         -76620.649601935627      
199         -79365.556173528748      
197         -78718.756336415769      
199         -80205.667729185268      
205         -84402.153270983938      
205         -86131.150715617463      
202         -82022.79620768904       
192         -73888.922246225848      
201         -79051.877817605186      
192         -73811.879945961831      
190         -73043.655955291761      
190         -72833.465541404163      
183         -67594.019731053515      
192         -72193.83709872386       
178         -61555.677869925952      
186         -68052.269752770255      
192         -73297.046794486858      
203         -81073.84116706514       
206         -83770.752136759314      
208         -85071.266445455331      
208         -86803.580624180686      
205         -84186.977430016253      
200         -79544.046032990809      
191         -73561.472003934687      
183         -68960.113734563172      
188         -73300.168052337132      
192         -75839.629137478318      
199         -81460.638379635187      
205         -84261.303675812553      
206         -83567.354134870999      
207         -83172.527131200361      
209         -85065.6049352259        
200         -81561.911090129492      
202         -83369.882356814429      
205         -85547.747935761436      
203         -84837.900298954293      
196         -77146.928632915049      
194         -77745.755808805567      
184         -69802.414026462429      
185         -69948.799577530415      
179         -65226.205314268089      
174         -63284.125499000336      
182         -66682.219647100268      
177         -64417.969020072211      
189         -73014.325514478143      
185         -73654.829781429522      
172         -64187.838532660477      
173         -62777.902648630159      
175         -62904.611430012796      
173         -63490.087563369365      
177         -66393.359141998168      
179         -67926.239299486653      
180         -66956.298354384795      
182         -67369.994852396485      
187         -70855.775756197065      
163         -55058.661672675524      
174         -61075.570665109844      
169         -59066.418033472095      
169         -58845.426278329956      
185         -67898.266632904444      
193         -74488.93899424572       
192         -74262.720029636053      
192         -75347.418414538595      
200         -80956.885881587106      
190         -73274.439264395449      
197         -76840.122984212823      
188         -71074.166694712942      
178         -68480.155958242322      
188         -74335.98154406267       
194         -77925.810118867317      
204         -82085.758209310006      
202         -81931.215729133255      
213         -89045.926818756998      
217         -93089.336439461171      
206         -84052.076252085346      
201         -78998.771177575225      
195         -74389.638976941264      
197         -76856.815837699818      
192         -73633.883182733131      
185         -67052.217154049664      
191         -72627.928969675835      
186         -69896.62510717749       
174         -61424.23960718108       
160         -52896.489070627344      
159         -52460.597556521883      
164         -54810.361732364108      
183         -66372.31856318361       
187         -70466.627542241738      
188         -70363.721695598724      
203         -80292.575523262916      
202         -79737.852314338495      
205         -81216.876388700402      
199         -79670.510972864882      
201         -78469.009128267411      
200         -79001.161766404242      
199         -78818.806891791945      
203         -81321.177669310622      
203         -81614.024248947215      
217         -93123.65034890984       
220         -95808.552743026885      
219         -94691.669397754638      
223         -97342.02434374181       
221         -97538.867223731824      
213         -92741.822893306016      
214         -91733.422640403849      
213         -89567.564546163034      
203         -82551.675573822038      
190         -72321.090409988785      
205         -82188.199841722031      
193         -74356.024598957403      
202         -79719.319571263186      
202         -79561.496343060571      
196         -75519.794519819668      
195         -74578.322356123215      
200         -80514.382135023174      
201         -81318.763321865466      
200         -81121.190118376529      
192         -74928.285519932455      
194         -76572.660688048665      
201         -80724.271643059008      
184         -68658.678292760116      
185         -68011.280922877515      
192         -73235.897009523207      
196         -74748.400300438458      
188         -68805.533722049324      
199         -78426.362030870616      
209         -84631.362334309233      
202         -80477.531195984106      
188         -71122.02171915365       
194         -75019.929369608479      
198         -77935.229335650161      
193         -73848.318601254854      
184         -66002.352657636526      
182         -64037.159217895445      
175         -60261.700857922973      
167         -54378.356211933897      
155         -47558.262602997238      
159         -52073.918904631319      
155         -50924.179366606382      
153         -48520.697363396954      
159         -50293.911531754806      
166         -53502.878288524713      
174         -59668.503067700141      
171         -59391.027779516357      
164         -54547.883454273084      
185         -67823.080750964044      
186         -67632.195527035088      
192         -73375.294851127357      
183         -67033.962595889709      
174         -63016.883329424687      
188         -71723.845621117551      
198         -78879.31343090524       
197         -79847.702014205381      
196         -78841.295228719187      
188         -73099.802792256916      
187         -72936.515499496323      
190         -75553.221849098045      
183         -68092.577943112614      
175         -61391.618319406713      
181         -63277.242020930396      
184         -65961.475167857963      
192         -74076.191615728821      
195         -75732.805970740083      
190         -73382.699799667345      
203         -81226.361698176581      
203         -81267.741284167889      
200         -79774.45046255707       
198         -77594.577292761329      
200         -77449.102353432274      
193         -73733.773145534535      
191         -71439.599370215117      
207         -83422.626679180845      
213         -89271.932942331769      
214         -89826.238618664735      
210         -88516.490123898562      
202         -81950.89218947172       
205         -83245.645415965162      
194         -74614.611061045696      
188         -69661.774677109628      
181         -64598.054933340594      
177         -63472.671088112555      
189         -71147.919692758893      
185         -68442.947972407826      
192         -72848.031142028834      
183         -65925.675267402141      
200         -77708.787279216456      
184         -66319.254490814026      
178         -62733.972009530415      
192         -70894.985979522738      
192         -70476.354703061705      
190         -70866.271586631352      
191         -71713.002561417423      
193         -73002.199492161453      
188         -69419.20461294899       
190         -72847.270377112276      
197         -77115.1175720217        
203         -81119.611998853055      
201         -80561.806731481047      
202         -80742.690685507143      
193         -74221.12965614126       
196         -76603.501031439911      
195         -77041.317630871985      
202         -82945.797745338248      
198         -79455.163487824379      
196         -76470.343674642427      
198         -78042.8356779022        
206         -83754.765238851047      
203         -80804.065113802077      
209         -85798.694932373503      
207         -83084.186118433208      
200         -79067.056621187789      
202         -82894.965129192569      
203         -85502.228833759         
197         -82174.024011102869      
189         -74161.875537273183      
189         -74578.64795187558       
179         -66095.769393791576      
180         -66060.162506692708      
190         -71271.753042224111      
185         -69148.926826711744      
186         -71775.208086239552      
174         -63316.518740772684      
175         -61866.849608621691      
180         -65637.947884648544      
183         -67801.064243933331      
180         -66258.970773500929      
169         -59600.138359522156      
186         -69037.905467258941      
200         -77496.593542294839      
202         -79679.786085838932      
191         -72585.237763507801      
200         -79319.131699911828      
188         -69987.609040742187      
201         -78822.967714290324      
194         -74428.49735362058       
186         -68760.107502283281      
188         -69124.776140444286      
190         -69842.558410982369      
186         -66309.79584854572       
175         -58588.571835137089      
193         -72643.495993212098      
196         -75132.765855096994      
193         -73491.628264951651      
195         -76320.788806550379      
194         -74504.969564439394      
197         -76856.804852616318      
199         -78531.03972886999       
201         -81123.368740011982      
197         -78055.143637395799      
186         -69981.933901269571      
184         -68467.38279100605       
181         -67737.942559249044      
174         -63614.092579666227      
187         -71585.562482926325      
201         -79319.873777502478      
201         -80275.992479177978      
187         -70177.569585143123      
192         -72416.809659812687      
194         -73923.030914075352      
184         -65332.5685444958        
180         -63910.248196621244      
183         -66551.56269659863       
180         -63393.912540750673      
177         -64427.447091436072      
176         -62645.910923345342      
166         -56346.912066725119      
174         -61064.980664162751      
176         -62108.704277884513      
167         -59019.863695042564      
178         -64735.743950675991      
188         -70102.662129716569      
191         -72003.092740538559      
188         -71089.551699838979      
195         -75568.856551535515      
188         -70014.930562419628      
190         -69512.187474048551      
192         -71076.684745274557      
192         -71792.577865398096      
185         -70042.077279094854      
184         -68996.16635494704       
180         -66460.939089482199      
178         -64216.493575961125      
173         -63594.042943779525      
178         -65695.316179109694      
188         -71835.15125780605       
191         -73582.613810541545      
193         -76396.068876617908      
188         -71959.922406328784      
182         -67070.057719717661      
187         -70232.80200628571       
193         -75011.892130792374      
190         -71020.666359318086      
186         -69501.224285792458      
178         -64708.149533702737      
176         -62945.361587042178      
174         -61989.272550315953      
176         -62601.911227595687      
185         -69978.240085018639      
190         -73112.320193752181      
198         -78047.222460968478      
202         -80621.651336334835      
205         -82394.207464933177      
216         -87856.502972449118      
219         -92107.656729738912      
214         -87464.96124665266       
217         -92145.815903578477      
209         -86773.714540170273      
202         -81369.029753992218      
205         -83749.004383945517      
205         -84943.717126972828      
197         -79926.333754679319      
208         -87008.381863196773      
205         -83968.659583032961      
197         -78648.179670054102      
203         -84315.172648538137      
210         -88145.40059891461       
204         -83271.211050966405      
201         -79732.733013311561      
187         -71695.60374145383       
196         -77397.315115943435      
199         -80575.643198896301      
207         -86633.318467797566      
212         -89307.178170465239      
203         -81839.612151344409      
214         -89001.323546595289      
209         -87625.514997901948      
216         -92914.111584974031      
209         -88698.967922671596      
209         -88042.255951462095      
215         -92719.643195324636      
221         -97733.231872756747      
219         -97398.47200890466       
218         -97019.467160963744      
222         -99510.30909345999       
216         -93249.052673848084      
228         -104497.45959392039      
226         -102548.03977823033      
221         -99135.115736841733      
218         -93623.601379820277      
215         -92135.739210747008      
223         -97813.098342880854      
225         -97661.332182046055      
221         -94969.494666835075      
217         -92083.967651285624      
214         -91088.312819604689      
205         -86770.695809935467      
199         -81951.377538565386      
201         -81984.334103755551      
206         -85926.288290850178      
211         -89203.535885490826      
212         -89264.800483900806      
211         -91238.622891586667      
212         -90322.844031059809      
213         -92960.12826580269       
215         -93134.652468422835      
212         -92339.839554234597      
219         -97294.30240377548       
223         -100326.15838137198      
210         -89885.025351985663      
214         -91741.14845243872       
205         -85740.228544806028      
203         -83113.967654614986      
208         -86406.53398391181       
204         -84507.697760189258      
208         -86906.137321373535      
205         -85111.324245419266      
207         -85931.702646247562      
211         -89891.321121992616      
214         -91420.710484893905      
214         -91535.662542321312      
208         -89396.838004083009      
220         -96537.34986279007       
212         -91263.642818112537      
212         -90905.892711692228      
219         -94562.387810479791      
228         -101434.86043767454      
223         -96625.793720740578      
219         -93409.867929225569      
216         -91001.749819996578      
221         -95830.864712615468      
215         -91928.097281603434      
218         -93825.762244406942      
214         -90022.875180162417      
214         -90734.77716934777       
212         -87236.099779741562      
207         -83283.288979077159      
205         -82605.637425438239      
194         -75198.642875065736      
201         -81093.779457662764      
202         -82458.68190344781       
208         -87590.850074152549      
209         -88372.433148611002      
209         -87511.342045707352      
208         -86909.826074266603      
209         -86162.054709019591      
220         -93440.552342149764      
219         -95706.119457721972      
207         -85203.011683883349      
198         -79268.68628077404       
195         -75708.41052687027       
185         -68786.633554654807      
183         -67659.058409074933      
182         -66145.204278159246      
173         -60635.09633663336       
181         -66105.47759047318       
174         -62703.437991539031      
173         -62136.411456414149      
164         -57536.350621448008      
165         -54608.460052248804      
172         -59133.019234901731      
183         -66605.499361400682      
185         -68871.338018430775      
192         -73280.120328080346      
192         -74385.90546501035       
189         -73173.789310654291      
200         -80403.064856746714      
192         -75583.344850669222      
186         -72649.184313994861      
197         -79403.541076120659      
197         -79522.885910371842      
208         -86946.640086291562      
211         -89341.867306170141      
204         -83883.179318657276      
208         -87140.946331369312      
206         -84453.558660866795      
204         -82278.059300012261      
217         -90958.537971836296      
219         -93025.04475485385       
217         -92811.40454393308       
223         -98594.752801288952      
210         -88970.94319653367       
209         -86422.301063556646      
209         -86662.506955708435      
205         -84565.603535602917      
203         -82751.450838680292      
202         -83069.316814361868      
196         -76096.699735471266      
197         -76413.09269401466       
208         -85809.44303411775       
212         -87461.349664528927      
213         -89283.830960523366      
204         -83110.325694072541      
202         -82206.221963918462      
198         -78478.22191698433       
203         -83050.271976882723      
187         -71982.990259396087      
187         -70444.360481523778      
186         -70084.584057272936      
191         -73415.379498771174      
183         -67816.809560782567      
185         -69171.159210121972      
177         -62498.22358928965       
173         -59566.31418975984       
178         -61496.469561410042      
177         -62176.522561952253      
172         -58610.351909276083      
184         -66725.933573214119      
188         -70489.798339560701      
187         -69298.301658242213      
191         -72297.101177489516      
202         -80080.423758311212      
202         -81588.67813076335       
197         -76482.825885974918      
189         -72171.882356321366      
175         -63337.073558187854      
171         -60323.183177914776      
170         -58393.551275988393      
174         -60443.183816972567      
163         -52987.036750586543      
151         -47096.357996342958      
162         -51991.539023699428      
147         -44003.777177097079      
143         -41399.667741978854      
151         -44736.661988708809      
160         -49383.875431117864      
161         -51330.303433836918      
161         -51785.492290217         
173         -58809.939378881361      
171         -57517.005132580605      
176         -61696.582371612516      
171         -62464.82004165891       
178         -66131.750153414527      
188         -72243.367306193511      
178         -66331.04681466562       
183         -69490.07568834089       
173         -61906.897153942584      
185         -68837.365440782174      
174         -61697.679395538798      
185         -70423.712475079199      
190         -74208.958929097716      
205         -82589.27201438848       
194         -75298.025014253421      
191         -74380.239057050116      
187         -70330.271969533962      
197         -77841.271997344506      
197         -76480.939065344137      
193         -75652.498939682395      
186         -70929.717393614701      
196         -75564.053542997543      
187         -66719.671700868756      
184         -66835.153057933989      
180         -64685.497805620973      
185         -68541.12455487535       
181         -68116.428440423857      
184         -68749.978406731811      
192         -73469.374428703159      
186         -69720.396125311701      
184         -69546.082958617553      
189         -72690.07023596052       
199         -78685.440890344893      
207         -85480.415478661118      
211         -87805.826576609339      
204         -82352.77875707038       
203         -80375.053477329944      
205         -82218.487824730648      
188         -73878.588629216305      
185         -70468.335616177093      
196         -79263.520913574277      
218         -93779.188996264042      
215         -92829.140910158429      
217         -94593.214962434911      
213         -91920.460266459762      
204         -84159.765627567685      
217         -92898.613380776063      
207         -87144.92033920309       
211         -88578.967438168387      
206         -85915.610096779492      
210         -89595.581695756395      
209         -86991.573145852512      
206         -84315.12426210189       
199         -77585.259552817559      
208         -84875.760198640113      
184         -67576.558711773163      
168         -58473.461187558874      
167         -56558.203161382618      
162         -54079.641852876419      
165         -54530.408290993095      
167         -55040.444495751864      
172         -57737.331356097784      
179         -63938.190772567898      
179         -64341.421974676603      
168         -57364.330288284138      
157         -51273.909387816908      
158         -51373.776396442634      
164         -55586.647880843564      
171         -60296.883922184614      
164         -56060.228583440708      
177         -63774.202230672796      
183         -67896.658919406749      
189         -70122.441976735528      
187         -70074.542335318343      
179         -64829.736506698668      
188         -69900.857386877091      
199         -76671.466373752759      
200         -80421.86431785833       
197         -76839.523640464395      
203         -80124.693899248945      
196         -76917.91161999524       
184         -69234.255328434941      
195         -77678.819381242269      
197         -76505.535301159427      
188         -70699.716557413878      
189         -72381.308920144817      
192         -72049.756161721016      
186         -69077.366725609347      
190         -70556.043537759717      
193         -72780.945127106868      
186         -68783.064806143244      
181         -64688.753200431194      
192         -70312.345415799631      
190         -70010.483063034058      
186         -67784.727792839971      
179         -65223.466363974803      
195         -76771.248219331828      
188         -72827.251234948155      
199         -78994.603737557394      
203         -82616.217879514879      
201         -80136.389034809195      
201         -78351.477894193842      
200         -79126.920058578165      
213         -89879.30905347412       
210         -88354.103175657568      
205         -85087.960375510273      
203         -83435.824346939582      
190         -73466.69108837258       
182         -67603.052427634218      
186         -69102.465735510588      
194         -74487.548328310862      
193         -73016.562770607969      
203         -80495.436859935071      
207         -83132.676563983332      
207         -83319.722624061134      
197         -77838.188128909416      
182         -66627.925264192687      
181         -66224.851954657119      
177         -62772.814688888298      
174         -59252.541691909522      
183         -65626.523121408754      
178         -64689.854174799853      
185         -69555.76892686676       
185         -69928.07121867621       
181         -67006.496267999348      
181         -65146.817337304288      
171         -61087.950099631395      
173         -62594.114698745179      
166         -54755.875440392156      
173         -60668.673083262373      
178         -64736.049654890267      
194         -74085.569061290444      
200         -79996.625670813402      
194         -75063.467403843591      
197         -76630.825305192615      
205         -81780.462238266526      
199         -78431.566510207427      
198         -77394.45684520356       
198         -77205.174759036905      
199         -78940.895423832451      
203         -82968.696508108915      
190         -73383.774856415912      
195         -77993.886211171091      
192         -74240.543134338455      
210         -86597.891337175752      
204         -82149.949433373273      
202         -82045.323783389613      
196         -77917.647769646908      
194         -75463.741409665497      
191         -72738.433559862126      
184         -69450.951547584147      
190         -73938.679153670906      
184         -67689.701478523493      
185         -68732.277613087426      
196         -75345.611543116378      
184         -66005.765083120641      
181         -62672.713058589099      
195         -71843.233496141416      
186         -66076.747123445122      
183         -64562.628966506352      
194         -71421.838540578305      
186         -67165.921798518568      
175         -60129.838156253187      
176         -61579.355332279883      
178         -62461.826168794767      
184         -68118.631997145523      
186         -68672.806281954981      
179         -65802.764284944773      
173         -62474.469782637636      
181         -65310.675211155343      
180         -65184.774203704997      
181         -65883.028141541407      
175         -62549.550957845888      
176         -61328.92255646969       
188         -70192.102788645629      
186         -67246.655860577623      
188         -71564.630751782926      
187         -70471.339088535053      
189         -71793.268345800272      
188         -70829.100637171956      
202         -79098.330378623912      
195         -73874.286476661873      
186         -66886.751589141597      
192         -72804.289309212269      
195         -75084.467542097947      
193         -73026.794534710847      
189         -69521.099754062641      
188         -69221.247164922141      
168         -58269.182427513602      
169         -56747.146436337825      
179         -63167.359130287507      
174         -60334.903304965519      
174         -61386.135910089732      
186         -67516.424977154835      
191         -71408.413364529537      
192         -72296.316750183847      
194         -75236.459839715943      
193         -75150.190855651657      
186         -70367.953638917839      
172         -61267.213835104078      
181         -65662.283159743121      
194         -75003.569617426634      
199         -78303.574349342161      
207         -84880.40656070337       
207         -86182.455442615683      
200         -79592.470562721282      
199         -79024.129769288193      
200         -80492.385665117981      
191         -74014.992726060562      
190         -73489.938069427459      
193         -74313.858506991033      
200         -79076.135361489753      
210         -88102.215236951786      
202         -81274.407625998632      
200         -81239.380755109101      
208         -85621.287556040726      
222         -96876.691688157269      
224         -96852.171605630763      
223         -96479.3211149321        
220         -95845.918527066882      
226         -100743.98143910342      
226         -101210.8490914112       
221         -98690.091884433161      
222         -100268.52441866437      
213         -91792.051109324806      
217         -93978.208173897627      
198         -79493.713852676548      
203         -83820.422049209301      
203         -84324.297697263639      
210         -89094.891476538265      
210         -87189.477021499726      
198         -80642.527781734214      
208         -88255.227418234819      
215         -93353.336219110322      
219         -95308.439880686652      
214         -91627.617044547937      
217         -94280.882727249525      
211         -88267.428946786968      
220         -96168.956225017566      
212         -90038.575326358885      
205         -84757.273147789077      
195         -75603.91397308356       
202         -78235.420501869332      
196         -75279.528059978591      
190         -70201.038686436586      
198         -78606.435338192925      
202         -82074.016915136221      
206         -83648.402657233222      
212         -87271.746058092031      
206         -84333.782460454982      
206         -83493.113466580558      
206         -84921.76359401067       
205         -82686.149883843595      
208         -85980.599801940538      
199         -78487.168935843685      
216         -89293.755246815563      
216         -90223.30018089636       
219         -94306.302702964371      
219         -92835.026533404598      
216         -92168.457618406595      
205         -84554.164572963899      
210         -86329.397066711623      
204         -82774.354118719275      
194         -76239.053986396029      
189         -70639.799830348915      
186         -69653.972700467304      
189         -71480.170661471988      
181         -67120.273313712227      
180         -65081.292926410992      
167         -57109.634632687143      
167         -56711.286103838254      
163         -55443.017565702932      
154         -49847.953811551706      
158         -52146.136477560933      
167         -56249.709543689336      
165         -57258.926440992291      
170         -59218.793738647495      
163         -54481.08210872364       
165         -57638.344089591839      
168         -58594.627644314838      
158         -52433.136005910579      
157         -51142.544758715449      
165         -55663.911443684548      
160         -51283.127746743623      
158         -52316.316165051743      
178         -65104.498162410673      
194         -75132.92725135824       
193         -74668.646017433421      
178         -65685.598801844928      
177         -62853.878693517945      
179         -64230.294836452304      
185         -68293.735196751688      
192         -71882.001393544168      
188         -68502.607826099003      
185         -67291.250356047938      
189         -70352.297852732358      
186         -70185.521065936395      
190         -73186.786178845578      
187         -70122.078581417489      
183         -67262.204760051405      
178         -64480.872203226281      
171         -59511.144330710253      
168         -57338.165086655092      
167         -55694.495291616957      
160         -53036.279164015119      
173         -59285.66656569764       
173         -60073.639332615581      
165         -55614.180734424575      
155         -51596.315740500497      
167         -57390.312080206531      
159         -52510.147377385161      
171         -58340.849940664782      
178         -62645.182366968642      
172         -60629.989711786693      
173         -60608.161775448243      
172         -59176.749372502032      
168         -56190.793967509162      
184         -65728.601604210344      
178         -62831.887134717901      
181         -63152.989452386792      
184         -65638.361921757547      
187         -69696.087953018941      
184         -66161.260311788312      
172         -58910.20874480682       
186         -67574.104546495611      
189         -69064.134925812046      
179         -61573.448764440654      
165         -55941.903117264003      
168         -56842.551691629458      
171         -59607.970824783835      
178         -61726.901203547648      
183         -65344.248533797232      
177         -61340.550076643398      
184         -66747.592925224832      
186         -67705.185698603556      
191         -72254.099313033686      
170         -61156.041052887886      
187         -71255.741081771659      
174         -62258.584323436771      
185         -69613.620105222479      
190         -72473.279780209181      
187         -70420.790136988289      
193         -74967.362815663189      
182         -67346.070443845645      
188         -70712.509291825612      
171         -60896.061382224209      
177         -64004.179972671111      
192         -75023.896798506132      
189         -74157.742151398721      
191         -74291.762832483117      
190         -73993.143785922046      
196         -77429.99574099663       
195         -77222.532504352188      
193         -75581.612867005271      
192         -73201.451657444792      
197         -74901.336345464457      
199         -75983.747539419172      
201         -78607.452136246458      
198         -77387.008922598063      
198         -75925.635196870047      
198         -77458.706996977402      
195         -73850.995277621536      
194         -72244.598799135216      
195         -72665.811794276859      
209         -82275.333612776289      
209         -84232.167742111968      
203         -82490.644964013554      
210         -87222.361823633677      
213         -89727.061703822357      
217         -93165.294159130237      
209         -87669.122885402991      
217         -92543.230292580265      
218         -92228.007059228024      
204         -81361.895605624159      
213         -88664.62566536029       
208         -84570.472397598685      
204         -85050.205289618127      
201         -82897.473034773633      
210         -89546.651701893541      
214         -93507.606633033225      
219         -98246.65858056143       
222         -100911.44525881785      
222         -99979.226020510629      
223         -99826.796999281287      
230         -107667.16875223958      
228         -105943.17406610714      
223         -99921.097175068266      
226         -101531.34876539066      
226         -102725.05199739765      
218         -96957.191850734045      
223         -100345.09084666993      
214         -91265.069356741427      
217         -94206.5185984321        
223         -99629.641725929629      
221         -95721.545291451344      
226         -99861.004521501512      
227         -100336.96829185696      
225         -98666.967509155467      
222         -96234.455742042439      
223         -99251.502469001702      
220         -96714.338294394503      
215         -93061.413932853         
227         -101453.31663654152      
218         -95287.792422150073      
215         -92680.864212066139      
222         -96319.656565743469      
223         -97454.882841443192      
224         -101106.26662548704      
224         -99796.87338928465       
221         -98292.267435804722      
221         -98662.128538889519      
224         -101102.07583060527      
219         -97488.672040734644      
214         -92326.991129114205      
217         -94136.828451950976      
210         -87893.097028661621      
209         -86562.744111859211      
219         -92166.132468445387      
207         -85245.712446115605      
207         -87275.036069758295      
197         -78616.505713340579      
201         -80823.182910390198      
212         -87550.035198595462      
205         -82273.308281622987      
204         -80118.349132186791      
209         -85011.339562034555      
209         -85774.452751502773      
212         -88325.993062532783      
215         -89621.734102258197      
220         -93830.601781195903      
220         -92022.691465391123      
204         -81171.692071505502      
204         -83176.436816192989      
205         -84975.349257610826      
191         -74803.418140403868      
195         -77734.509932253903      
193         -76063.961615479391      
190         -72645.483011484001      
171         -60157.951707556509      
180         -66017.191774492414      
186         -69502.485565784358      
182         -67846.778340933757      
186         -70144.607028206869      
198         -75997.333308689078      
193         -72950.256055309394      
181         -65614.883948164468      
174         -59937.432119333484      
170         -59045.513763232921      
167         -57195.602273697295      
161         -53543.983952115115      
177         -61308.387634578015      
176         -63026.935792819124      
159         -51739.491391380689      
179         -65107.06288530436       
168         -59165.196989586402      
186         -68632.683342763004      
178         -63219.257236104408      
169         -59563.476934082275      
170         -59984.816606084307      
172         -61563.068831661927      
184         -69159.917453688977      
183         -68954.931090355676      
190         -73228.371804482231      
194         -75806.106422631216      
199         -78372.687871046801      
194         -75212.191848037124      
198         -78368.105912982515      
194         -75495.330044169343      
194         -74776.487730109453      
203         -80858.54667750615       
193         -74115.34828787313       
190         -73083.845029328659      
191         -75826.188790822227      
189         -74657.940667658811      
187         -71144.050994805511      
194         -75799.416987438934      
194         -76881.465215010088      
205         -86789.782674647329      
214         -91717.578885569965      
208         -88362.97611043026       
211         -91593.389942990965      
205         -85090.833314814794      
208         -87914.214986234278      
217         -93749.490194293496      
219         -94506.186139422338      
213         -87829.200401035589      
216         -90525.080133311785      
218         -94260.343506707766      
210         -88324.843969351918      
204         -83675.20569159466       
212         -87580.59623811541       
214         -90150.793132134015      
212         -88174.029991886331      
205         -84161.185873280978      
201         -82158.906524231832      
201         -80831.700765239642      
196         -77845.579996819346      
199         -78290.217350833933      
199         -78986.266165858658      
201         -79489.970066477501      
206         -83182.484561731369      
200         -80892.366901397225      
200         -81389.494508459436      
196         -78129.095875465951      
200         -80870.772155892191      
194         -76496.111477250364      
192         -75673.423649234013      
170         -59391.882051884983      
182         -66435.154825115664      
180         -63387.108479230839      
173         -58097.613441707945      
174         -57674.572215786589      
166         -53626.95695635114       
176         -58512.095825323602      
177         -59168.032704990095      
172         -57693.642678842254      
158         -48336.607094843188      
156         -48552.963099289736      
165         -54399.337676761592      
170         -59254.445300448911      
171         -58695.422027285698      
181         -65873.403532687371      
181         -64728.22327005602       
178         -60336.41914206346       
167         -53905.768971767568      
170         -58228.714960111247      
158         -50365.216221535295      
160         -52101.871135354661      
161         -53269.346330679982      
146         -45227.039064337579      
155         -48153.637587707672      
155         -48278.451781730939      
153         -47601.959833798217      
167         -55697.285861614         
168         -57473.983710889675      
148         -46111.008108529968      
144         -42518.944012566317      
136         -38898.332994435979      
140         -40089.019479991883      
142         -42219.639220149547      
157         -51599.86970851857       
161         -53618.697640896593      
166         -57648.94071375874       
175         -63531.534455669345      
183         -66178.917255171124      
199         -77190.417093098746      
206         -84393.132294472001      
208         -85719.74907872804       
210         -85404.689002460189      
207         -82756.374893248721      
215         -87589.388309037749      
207         -83393.982685622643      
202         -78958.606800223293      
203         -80306.704116831272      
197         -76822.411621347739      
199         -77566.087880756517      
203         -79489.724933999983      
204         -82260.145931011255      
204         -82968.621155081564      
205         -83594.50962820719       
203         -80455.0151397351        
210         -86897.831715021515      
207         -87256.99395321896       
210         -88774.526202719993      
219         -95401.203724917796      
217         -93312.263844009227      
215         -92232.2164219142        
205         -84177.380857847573      
205         -82515.200274730683      
213         -88928.870900523791      
212         -89269.446244072926      
212         -89629.391990711621      
204         -82214.311571591199      
206         -81883.506284335192      
203         -78519.39298856711       
196         -74768.086269443855      
186         -66957.311070786323      
187         -70513.876099681613      
197         -75607.803101810568      
193         -75181.98078098835       
200         -80902.375343811946      
194         -76956.461918671164      
185         -69991.636961846365      
185         -68113.353860519157      
185         -69751.807783274475      
184         -67700.828067642622      
199         -78799.726655602368      
201         -81707.875593205797      
198         -80373.674109196014      
194         -78214.510526838611      
194         -75653.334085282782      
185         -68555.419603543691      
188         -71417.621174712418      
204         -82898.498961092613      
199         -79259.531767553577      
199         -78276.030910080546      
204         -81040.907029244961      
196         -75506.352931567992      
195         -74545.458106163933      
187         -70126.874152553733      
187         -70628.241118955993      
176         -62325.689213412799      
170         -60748.038601621833      
158         -52918.105361426678      
165         -56574.965779029568      
162         -55815.599575329368      
157         -53391.930739918585      
161         -53227.445177674548      
163         -54938.109263275313      
160         -54521.252875423263      
168         -58432.196090880825      
177         -64634.488009591754      
180         -66540.938675342171      
182         -68196.787414426581      
187         -68548.616609643272      
189         -70778.484886878621      
194         -75582.181238406396      
190         -72440.899330156652      
191         -74106.707949619959      
204         -81567.752489835111      
206         -82569.459301194816      
204         -80643.742561284365      
204         -82645.763380635646      
206         -86595.464031522395      
197         -78722.685235874233      
206         -86429.799585906192      
217         -94779.130980306189      
218         -95169.019109358633      
212         -89569.354696107577      
204         -83625.704064586447      
204         -83870.601953631092      
204         -84146.619088503867      
202         -82565.12117343329       
203         -82920.225127472586      
211         -88523.577992325707      
209         -87158.132026066873      
218         -94658.920744323332      
218         -94209.975464460978      
213         -88707.269998860284      
197         -78577.34715708594       
189         -72035.348915739116      
191         -71764.3246141852        
190         -70434.267946668391      
186         -69911.453648622279      
185         -70701.545972081774      
189         -72143.621968827501      
196         -78317.047013779375      
196         -77530.766479930389      
201         -80122.067982891502      
205         -82119.117531000884      
205         -83658.651277057506      
211         -88987.572493770145      
209         -85766.435087346326      
209         -87527.366215668604      
196         -77951.333479337409      
207         -86011.290101629158      
209         -87983.057552177459      
206         -85406.363062935809      
199         -81377.681737525025      
191         -74951.894292877754      
199         -79040.591699436729      
207         -85695.519208362064      
205         -84184.442062734423      
206         -82230.025387602072      
199         -79371.381959535254      
198         -79872.184983478102      
196         -77352.437612526744      
198         -79060.117032803159      
192         -74463.807425537176      
195         -77883.325016204326      
194         -76313.165481640128      
209         -86081.112578785818      
206         -82100.943707025071      
198         -77292.048592231338      
202         -80695.602378541837      
204         -82005.927126668728      
195         -74678.754982566534      
193         -75175.278511310345      
188         -70117.944034796266      
184         -66981.858731704531      
186         -66712.013643405429      
181         -65609.905506857904      
187         -72212.888694048088      
190         -73550.12620090702       
194         -76729.08045492637       
194         -74759.880199914915      
201         -79245.58697895857       
210         -87500.937982934018      
207         -85624.119142124022      
207         -83798.114016682535      
213         -88232.845912339428      
205         -81998.487558057604      
198         -77899.083910916263      
195         -74186.371825391456      
196         -73999.2328634117        
200         -78150.650912653713      
203         -78096.983626454719      
196         -73856.511118706694      
201         -78913.99137980341       
189         -71360.402501952733      
196         -75222.899442498834      
197         -78520.281345477677      
182         -68032.792347202019      
176         -65496.461839937248      
177         -64904.40375941198       
180         -66490.950444611895      
183         -68569.882996794113      
196         -77021.128512934403      
199         -80008.594676319626      
208         -87710.071605133533      
209         -89438.611372761443      
210         -88595.050626908022      
212         -89975.81503060153       
219         -93470.038179264608      
221         -95557.138582090294      
217         -92074.993139169965      
209         -85651.132644183715      
208         -86366.755448136959      
203         -83177.832217923016      
197         -76534.556758197519      
186         -68594.892524982919      
189         -70282.870118243067      
191         -72840.113394353859      
197         -78588.390462471827      
193         -76439.411189915816      
204         -83575.173514341572      
198         -78334.770558777833      
200         -82478.06977970856       
196         -78205.961585509329      
207         -85456.756498363291      
215         -90333.434004519513      
202         -81971.469022941747      
213         -89050.765262127403      
216         -94671.686010948353      
222         -97948.151185597526      
224         -97699.236222848791      
225         -99747.997898702335      
226         -98258.532712227301      
216         -91382.492365513404      
217         -92240.345419968246      
203         -79599.114996031378      
194         -73416.782054954863      
196         -75222.971586487212      
184         -67557.223645949722      
197         -76400.309618098516      
191         -71750.083353737078      
197         -76349.067580918927      
182         -67325.391087297045      
186         -70360.252197092268      
196         -76918.928526561693      
197         -79260.251261509111      
205         -85774.90649950481       
191         -75315.785744369772      
200         -81081.43786719309       
207         -84514.336993670702      
207         -83736.091707077794      
196         -75492.273107606976      
189         -71819.281107938266      
198         -79653.75981722858       
202         -81868.759059941833      
202         -81662.466650755232      
215         -89488.397624431178      
206         -83130.859946079654      
205         -82211.039394181775      
204         -82330.79372287319       
195         -74920.109580984717      
207         -82630.90618599375       
189         -69530.654177391174      
188         -69103.266035063629      
190         -72106.613488247152      
184         -68632.187557376034      
193         -72007.64256761143       
194         -72379.184126955166      
189         -69347.946598720839      
192         -72403.32614918286       
210         -85285.628984194846      
214         -91028.186920020249      
215         -93083.095986070286      
213         -89387.081110712868      
211         -89649.90430949883       
213         -90540.816869968054      
218         -94480.564668862542      
219         -95567.15874990006       
205         -85336.853015027358      
213         -91496.548654674072      
210         -88533.822625446701      
212         -91137.138356567128      
218         -94108.419586371194      
210         -88165.400818154463      
207         -86679.657480141235      
223         -95625.410132955527      
222         -96111.971832753203      
216         -92403.511140055009      
204         -83923.647925453173      
205         -84056.567524791943      
205         -83622.883105248286      
208         -85872.6124859384        
198         -77700.865454173676      
184         -68099.933255993834      
187         -70828.484916064568      
195         -76293.640340627666      
192         -76112.451658447681      
194         -76852.563093502089      
202         -83598.447800174064      
206         -86061.035061216273      
216         -93649.372514852992      
207         -85708.290733166374      
203         -82004.471856359291      
203         -81635.204237162674      
202         -81610.581336815027      
202         -81410.36868122709       
206         -83789.145441210872      
209         -86242.183123259252      
207         -84860.69696222138       
214         -89304.986961913848      
201         -80229.03845219755       
208         -85660.45583823997       
206         -82920.858762665172      
197         -78297.481241472546      
197         -75736.397500583174      
199         -77049.3988841432        
203         -81894.846796927333      
198         -77954.527738602977      
176         -62578.701786955244      
181         -64280.995397730971      
177         -61550.165566785028      
165         -53196.141047332814      
162         -53768.057223655371      
167         -57398.379402742888      
181         -66059.886124869663      
180         -65410.878093911495      
182         -67358.441833684366      
194         -75873.484783486085      
191         -74172.412551788162      
197         -80639.883250217739      
204         -84566.361309033251      
209         -87082.856847697447      
212         -86843.782447197504      
198         -76214.760440925922      
191         -72635.482143578323      
178         -63738.981145010228      
167         -56896.948241286736      
166         -55994.96363118678       
170         -57953.806631460058      
184         -66124.588720015832      
182         -61188.660079641231      
198         -75455.692925939133      
206         -81615.042154177441      
202         -78656.342103742092      
192         -72755.185573194045      
173         -60753.380000646823      
168         -57339.168700900424      
171         -58614.406573969783      
172         -60777.90965728333       
169         -59886.555098278237      
167         -56289.668013098526      
163         -53917.010730505652      
166         -56340.804808298533      
173         -60610.119930476707      
169         -58203.823041632153      
157         -48740.898904264999      
157         -49254.222357902676      
132         -35047.350338621349      
146         -41659.595859802161      
145         -41793.080897929547      
145         -41593.492042964761      
151         -47316.043004561521      
140         -42239.866436311742      
134         -38085.294853581167      
107         -23822.365728611734      
122         -29758.138173638476      
107         -22093.36618196969       
111         -24499.770972201608      
104         -21127.588352234539      
98          -20201.66073235033       
88          -15963.640622429686      
75          -13423.139834869195      
87          -17122.08274759823       
94          -19741.373801036898      
102         -21105.947963010087      
104         -23067.254366059224      
91          -18252.879510074832      
70          -11032.036988373489      
67          -8349.0672212841728      
87          -15070.498501164619      
81          -14423.617475314015      
64          -10459.112083643999      
44          -5637.685911769865       
47          -4303.4515082200778      
43          -3712.2755843589794      
43          -3082.4370936928694      
50          -5827.4386389164083      
50          -6045.7983707710009      
41          -5250.9601878126405      
50          -5566.7208373821722      
48          -5279.8353013513024      
41          -3022.8331313030526      
38          -3197.2000414700742      
57          -7035.848538261549       
67          -10157.689452776593      
75          -11655.51642816906       
62          -8345.8581057083447      
66          -8881.7272880608452      
57          -6960.5755567927054      
42          -4019.2607695453062      
51          -6122.3311687669502      
49          -5239.5848232082508      
54          -6862.1260817057137      
44          -5121.2886688747722      
59          -7233.9980662852213      
61          -6986.427825546657       
54          -6162.0594102963087      
55          -7099.5851239146104      
42          -3440.6671409375158      
63          -7956.4193825077418      
76          -11074.45716842909       
85          -14345.772413974508      
89          -15898.85086917328       
64          -10052.393063703676      
68          -9796.2745338573895      
58          -7438.7282573541179      
61          -7890.7884442560571      
60          -8466.9889338867742      
65          -8262.7785852685429      
79          -13519.722557096102      
84          -15479.463662523585      
83          -15841.070965934869      
81          -15465.649228868782      
81          -14741.8111933331        
74          -12427.475937332565      
70          -11240.52904116989       
70          -11646.108941340452      
82          -15239.070716227387      
105         -24137.575007991087      
114         -26259.962662791757      
127         -31962.220270739726      
116         -26893.806667841931      
123         -30581.271804306358      
122         -30813.955215394504      
127         -34584.788866881448      
120         -30515.600865283031      
122         -32024.290533971511      
135         -37989.982230563022      
136         -37477.536742418481      
121         -31037.268519376848      
107         -24225.952579152632      
130         -33830.634164621333      
134         -36109.868867843616      
137         -36695.265188267498      
134         -36172.223917697105      
128         -33787.183197869148      
131         -35167.272948368241      
135         -36764.126693145277      
143         -40120.975991111351      
150         -44124.968554132472      
155         -47750.345956360499      
144         -41834.112389477435      
134         -37211.236049403647      
124         -31680.357342902338      
109         -28421.160589831456      
113         -29271.21420295885       
111         -28069.737966540935      
111         -27024.165168335687      
101         -22325.365773862839      
118         -29446.816731491675      
121         -27815.554235965395      
119         -29251.279400720829      
134         -37120.005867839602      
132         -36201.022713069578      
138         -39505.29205478252       
142         -41311.706942809316      
143         -42156.282620144004      
140         -40862.71087531605       
138         -40042.605302301396      
144         -41803.093174939124      
133         -34656.570625253567      
149         -45152.541174026286      
140         -40983.913220795723      
120         -30377.111795137371      
122         -31043.896323308567      
132         -34103.214334378907      
126         -32244.251912701053      
142         -41538.038032439559      
149         -44061.401080023104      
154         -46952.257535264842      
153         -47229.104704965815      
170         -56820.743681570129      
172         -56149.253640286399      
166         -53538.386471064754      
159         -51469.4925996245        
174         -60580.898620829692      
182         -65695.328041178247      
162         -53186.121563296503      
160         -52670.884990711143      
145         -44050.197091525515      
141         -40980.741849823549      
149         -46047.890584117049      
152         -47583.760023824885      
149         -48823.182007137533      
163         -55196.106755733548      
175         -60459.213414080536      
175         -60282.886874224845      
173         -58560.805843709706      
175         -60040.057882925699      
171         -57431.193415778071      
168         -56389.042524324643      
169         -57961.738499103987      
172         -61995.165511675186      
174         -63835.504485464349      
175         -62295.917221280542      
170         -59926.896870569122      
185         -72225.306482784988      
192         -76129.025678646431      
185         -70161.233665971304      
186         -71427.981028472699      
194         -75171.737614654019      
190         -72562.491915318984      
186         -70988.250498289679      
190         -74131.275223228382      
192         -74635.885220867727      
188         -71977.771739190808      
196         -78599.763200784073      
200         -82115.701421692793      
206         -86157.969127075819      
199         -79532.360472838787      
216         -92155.182182858262      
216         -89960.149199591906      
200         -77309.017334746677      
193         -73126.602237211351      
182         -66049.179301019394      
183         -68843.280229597003      
173         -60860.133196301853      
169         -58506.057952469979      
165         -53652.093494648841      
170         -59007.315343649636      
174         -60589.608339453458      
164         -54541.079318993121      
161         -52419.674197238979      
172         -59210.014976029081      
174         -60135.377015475031      
169         -55892.101850063395      
163         -53067.548929248507      
167         -57626.89146139317       
165         -56201.170240976033      
156         -49526.862523557         
173         -59548.643342577554      
180         -64876.031197967735      
186         -69575.975989506274      
185         -67919.416706861986      
194         -73876.32165376858       
194         -74493.038156340539      
201         -79374.670245698871      
203         -82412.248161362761      
198         -79031.249385114614      
200         -77535.997077785709      
208         -82937.059432672555      
202         -81181.48885493238       
199         -80046.19347426662       
200         -79641.538133467548      
206         -84823.079413611966      
202         -79428.048542860823      
196         -75059.128825153122      
191         -71491.62322908215       
188         -70070.777703186337      
185         -67314.991766945604      
198         -77901.260778522192      
216         -90151.293685822995      
209         -85519.947838666398      
219         -93149.839248762466      
223         -96851.68688876857       
225         -97117.968806936144      
211         -85085.904471417205      
207         -84088.004487580023      
198         -76648.156077466716      
193         -73350.705388672621      
193         -75286.808517990517      
191         -74187.63669166631       
189         -71345.435099086288      
189         -71426.141089468714      
176         -64127.639687977273      
179         -65590.526256001234      
178         -64754.278898827535      
185         -68969.939955023947      
185         -69645.864409670714      
180         -63239.945593825963      
180         -62770.987328409843      
190         -69017.018956871834      
199         -78110.78686503222       
200         -78170.217864445091      
197         -76678.761796831473      
187         -70397.916500010469      
198         -77031.003697210297      
202         -80470.49249955015       
201         -79551.448653663698      
179         -65090.931144446105      
183         -65721.568794286417      
190         -71314.029918097905      
178         -63892.146380624639      
187         -69127.810513905701      
180         -64338.972913128433      
180         -64312.322192326872      
192         -71689.14696046403       
194         -74566.60828162267       
203         -80825.948009932239      
198         -77612.583853683842      
196         -78043.713163821434      
189         -72553.732712611687      
189         -72098.409676658091      
194         -74619.704823033593      
195         -75533.159949714594      
191         -71266.353054872379      
176         -59996.62976554325       
176         -60435.535733598095      
184         -65120.729085914791      
177         -61148.53703296098       
184         -65241.130724282302      
178         -60386.247926031581      
192         -70399.364878041291      
192         -71257.537833676601      
198         -75637.126460747168      
207         -83681.032882722458      
212         -87469.066835752732      
208         -85554.829852998169      
210         -88363.258687788853      
210         -86797.82807814132       
205         -85329.705923162153      
207         -85286.154713339565      
209         -86874.380490967102      
203         -82894.758100160965      
200         -81508.883410905619      
190         -73953.069391855854      
192         -75219.854679204684      
184         -69915.840966172429      
189         -72826.795808642884      
203         -82931.471480034452      
208         -87410.252916308527      
200         -81711.20396249264       
210         -87425.363299040167      
216         -90549.044268157959      
207         -83642.570722804958      
209         -86369.49118148764       
206         -85485.273197928211      
205         -85575.124344810436      
206         -85221.859176374375      
200         -80912.7929835869        
210         -86157.2306780074        
206         -85001.796698866659      
205         -85999.344372291758      
206         -86662.412764515888      
214         -89396.429258529417      
211         -89739.233334149874      
209         -87135.516477489582      
207         -84427.021831511331      
201         -81161.090677297252      
207         -86500.818229725381      
210         -88911.643496202902      
208         -88965.446193176555      
209         -90887.518374289866      
197         -80441.416488323783      
196         -78304.764317988418      
181         -67934.452226198424      
187         -71832.188915381135      
188         -73735.120111742479      
191         -74818.502391738046      
192         -76008.857915307002      
189         -72594.593380374237      
191         -72124.714578060884      
185         -68629.746272506643      
194         -74591.906437107667      
187         -70638.465258032564      
179         -64650.766145535672      
188         -71688.656646982403      
183         -67806.101586565317      
180         -65734.782405645965      
174         -62453.797053323869      
182         -67014.431464506255      
183         -67502.453213481494      
171         -60181.790416234813      
173         -60169.206131094412      
170         -57497.143934311287      
171         -58126.048829678693      
165         -52730.259299536905      
178         -62223.759136126595      
173         -59706.387806363688      
170         -57488.718272784368      
144         -43196.279929560485      
141         -40854.512543717814      
145         -43407.379986714113      
149         -47262.783042829302      
153         -47546.692639266606      
150         -44974.756534969725      
155         -47620.800797059273      
161         -52040.426573755445      
155         -50126.713315113528      
160         -51789.874260790173      
155         -47928.24698858949       
155         -46991.361444681461      
141         -39890.880135650696      
154         -47349.915169098262      
161         -48745.903317776523      
165         -51632.066689812804      
158         -48334.952208300587      
171         -55504.129178463001      
176         -59869.973262708751      
188         -66023.910841327481      
186         -65912.785185599976      
192         -71342.621755841174      
187         -69075.073108759505      
186         -69972.954997149602      
203         -79631.536860929744      
203         -82128.142840876608      
201         -80510.523727444641      
204         -82126.006366161469      
200         -78951.094262408631      
200         -80448.901229588082      
202         -84123.558886676983      
213         -91254.726338926062      
205         -86164.749034328837      
210         -88116.669843940705      
214         -89922.850376195478      
211         -87942.010718334976      
202         -79365.099943731082      
201         -81224.050703779241      
199         -77455.270939701702      
195         -74812.186801158648      
178         -63109.566301429004      
192         -74532.352027118424      
186         -69582.380333587644      
189         -71819.806327303275      
193         -73091.150722737671      
200         -81046.647723597562      
208         -87987.729606401903      
212         -88358.032884782049      
216         -92086.244377863128      
220         -95105.827742598558      
221         -96914.142107186693      
218         -94782.657517030791      
208         -86360.56892647683       
202         -81788.542897286025      
208         -85614.310943076198      
213         -89174.152502656943      
207         -84864.509793485049      
206         -84360.425951770798      
210         -86618.269494933658      
203         -80560.566410851534      
214         -88966.570900531748      
213         -90302.258575946107      
194         -76262.157710306448      
200         -79935.791144002316      
195         -75596.586531728724      
189         -72116.748832370387      
191         -75082.636015879907      
195         -78338.774016408817      
198         -78316.796266788951      
190         -77401.140597004909      
192         -75571.012256732254      
198         -78966.197262765956      
198         -77779.217065362624      
200         -79192.339362490064      
193         -76744.903334002491      
200         -81680.52268361114       
209         -87985.239422213024      
212         -89417.493667000381      
212         -86738.958921639336      
207         -84883.258642618224      
206         -84882.328499929921      
197         -80238.057084600325      
197         -79387.29433910166       
209         -88890.119275294899      
201         -82812.822661878672      
201         -82309.363216317288      
193         -73809.88746953517       
181         -66370.292437889249      
191         -74464.965967902885      
197         -77817.968104980537      
198         -78770.894498799273      
201         -80561.470101395302      
206         -85218.98789592387       
192         -74438.953709341804      
197         -78156.476686305148      
181         -67743.323030392276      
196         -77511.958440451592      
197         -79271.166233689146      
201         -81372.242848453141      
208         -86668.781964527996      
216         -90735.421128404589      
212         -89490.24829823419       
210         -87315.503686389187      
211         -88429.611337689392      
208         -85725.580318281325      
207         -87283.82801757408       
200         -80807.19227557024       
193         -75866.079242506225      
204         -83833.861570926601      
204         -83740.610166209721      
212         -88826.112132316441      
213         -89332.340189725728      
213         -87728.434632380071      
209         -83890.124506521141      
211         -85071.235532089879      
208         -82064.4443598785        
195         -75237.028678789546      
203         -80942.076001163907      
192         -75317.89429417075       
193         -77201.026357012175      
204         -84683.10767954716       
201         -82307.654929549695      
214         -89959.875602004002      
206         -84723.845303285038      
214         -89985.149637321971      
214         -89999.617939395044      
207         -84916.330407100424      
194         -75534.502040918189      
202         -83199.85857695312       
201         -82018.771461521814      
209         -88061.545119889182      
216         -92914.137864824574      
224         -99117.182586346709      
220         -94823.722033796817      
224         -98187.636105346101      
224         -99123.842232934956      
228         -101107.32832781575      
232         -103902.4941736458       
237         -108247.53631138231      
229         -103011.17509879146      
231         -103221.57544610731      
219         -92699.642397831951      
217         -92329.866009968071      
209         -86235.995221354518      
216         -92496.953675501252      
223         -98549.430878424013      
217         -93683.777228681152      
214         -92479.762567100493      
221         -97707.614322347523      
217         -93773.869768814198      
219         -95858.772305877908      
223         -99048.19914825428       
234         -109143.97500144508      
237         -110716.60558764231      
237         -110727.7959645087       
225         -98821.474046754753      
220         -94234.505487607283      
214         -90892.625698369578      
208         -87050.044098792641      
217         -93460.103309451864      
213         -92140.816834417623      
217         -94970.304286320214      
228         -103552.73383551324      
233         -108718.80384010289      
228         -104198.48090259965      
226         -103201.37021178083      
230         -104510.13457937982      
230         -103609.07688637656      
223         -99844.114328361858      
220         -97457.38197325269       
224         -101491.87266309642      
223         -100073.21781821964      
230         -105129.94217485577      
218         -93693.993092295917      
222         -98800.941308613619      
222         -99292.254693005132      
216         -94105.309876647618      
210         -89576.202308607593      
214         -90867.670392657135      
217         -91576.311271309052      
220         -96128.782482413575      
226         -101173.69775398084      
223         -100364.77459003565      
225         -101736.16721774946      
224         -101824.88616127135      
231         -106950.18304894099      
224         -101313.32867565751      
231         -106083.15081043693      
233         -107353.96321523501      
219         -94636.854132634093      
220         -93847.286528444063      
217         -91702.388143505668      
209         -86316.952196656232      
203         -83088.574803787778      
210         -87543.399021739591      
201         -81395.741539385213      
201         -81225.730747107504      
216         -92054.248866872455      
210         -88178.725479068511      
207         -84985.998219574161      
191         -75587.100916420924      
190         -75628.011517086023      
196         -80349.301856490638      
216         -94402.765764648488      
222         -99117.262434573844      
215         -93887.406962607769      
219         -97246.950523101914      
217         -95705.065187553337      
221         -98315.908196385673      
217         -95265.53294707874       
229         -105363.71212465556      
225         -100825.20989485877      
218         -96075.212953893089      
213         -92303.957964858928      
218         -95909.865912815934      
218         -93568.967148992699      
214         -90976.108522142225      
218         -93955.566892934599      
216         -91956.980103282374      
220         -96754.711022308184      
214         -92487.889394132217      
217         -94483.677924511401      
220         -96769.232983424634      
212         -89635.894202463591      
206         -84430.114421377017      
215         -92012.094596146533      
217         -92366.320362468221      
215         -92368.956314275216      
214         -91537.188213793619      
207         -86004.364363718327      
211         -90164.539013157075      
212         -90052.825472635377      
215         -93649.926269650983      
215         -93963.300782205057      
218         -97346.884763044305      
217         -92987.297392738881      
221         -96951.22171637819       
218         -93981.685347657476      
210         -88540.087710799024      
202         -83175.046507213832      
216         -91432.099194607959      
210         -88360.22132762846       
202         -83274.970940089115      
217         -93556.995714437522      
215         -91883.542310875273      
219         -93551.260912985817      
221         -94522.355681414439      
216         -92536.432175489972      
210         -88910.036341566287      
197         -79980.449015618491      
178         -66392.296728775371      
190         -73830.831399171599      
195         -76680.562490666154      
196         -79032.644080564016      
199         -78613.740669141422      
196         -76523.616645009984      
192         -72840.733118136559      
186         -67034.81664397585       
192         -70391.030732540967      
197         -75705.530289331102      
186         -70118.181364045959      
189         -72137.019178803836      
190         -73289.42823329533       
191         -72531.055927718146      
191         -74796.56770270993       
199         -79643.332949008676      
204         -83296.796014685999      
212         -89000.677186969013      
223         -97629.054881127217      
218         -96710.353032694446      
227         -101930.35710504986      
227         -103781.19096359459      
226         -102462.28915785396      
220         -96688.607692169549      
215         -91783.729450154438      
209         -87226.882437722234      
217         -93798.32999866092       
222         -96329.118623766582      
218         -94324.36052393842       
217         -92391.007335473201      
214         -90309.473703595693      
214         -91347.434671073628      
211         -89695.452509903203      
223         -98078.563973516022      
211         -90908.158196140619      
199         -80954.479058621757      
200         -80939.980686789597      
208         -86205.217988597389      
210         -88869.661392670998      
219         -94575.351718231977      
218         -95024.409942209793      
208         -89512.628360033908      
213         -93146.094609441861      
215         -91393.940547143342      
214         -89554.837042806641      
204         -83090.633657639759      
219         -94854.142630124858      
220         -96109.593899521366      
222         -99049.510328255943      
218         -95057.370506527557      
214         -91790.587361616257      
215         -92035.461435915116      
215         -91911.750433363282      
208         -86822.367778517553      
208         -87684.543376170375      
213         -90776.7301351106        
211         -89187.88577524056       
199         -80616.081718943373      
198         -79063.570086004678      
202         -80095.959511815308      
209         -85855.926486953991      
204         -83964.911200816161      
206         -83569.557742669131      
209         -85257.021253385406      
206         -83384.757589350193      
207         -84167.212665211715      
206         -84909.079244518231      
195         -77733.443398300544      
187         -71358.5925501436        
179         -66003.003472569442      
185         -69660.88271622303       
186         -70953.304325413701      
192         -74788.907344829189      
181         -67234.132932020613      
169         -57815.534445460718      
176         -61615.316160200462      
178         -63842.18885824515       
181         -66330.17594611911       
192         -72526.722691411676      
201         -80099.986534454496      
197         -77755.328053981837      
195         -75796.109806630251      
188         -70352.714952160197      
188         -69497.945018490049      
187         -69342.016569198851      
203         -82616.468836711414      
197         -77698.749130105294      
196         -76493.797886048342      
202         -80544.115272141935      
198         -78681.441079918557      
206         -84281.592145283561      
200         -80438.55091988323       
214         -89156.899207197974      
209         -84842.290370663031      
197         -76741.911022661254      
198         -78378.150628674499      
194         -76321.186872033082      
196         -76092.13181062587       
187         -70584.172145655277      
183         -69298.565130768693      
187         -69828.931363003328      
189         -69526.884776759107      
193         -72617.769947307912      
187         -69620.688858653753      
178         -63719.741269835358      
173         -60612.625039551269      
170         -58506.183938505121      
171         -58537.077475120983      
168         -56699.228448402529      
154         -47476.56114656257       
143         -41159.275922064007      
147         -44003.758812796252      
147         -43345.664285157916      
149         -44877.22547404233       
138         -40223.527696128847      
147         -43222.017744386612      
155         -49166.645011069035      
167         -57862.850040915691      
174         -64432.550747346519      
175         -64699.293811881384      
180         -67683.491169581597      
177         -64852.239984210377      
179         -64570.677848722677      
184         -67998.06629717887       
191         -70636.791461207293      
195         -74134.503962298084      
198         -77699.315049500496      
203         -81411.073181298401      
199         -79169.692180074722      
200         -78751.054376828819      
205         -82772.87060959822       
201         -81251.100990992782      
196         -75905.36616723772       
203         -81743.568039144404      
208         -87086.018650677986      
211         -88658.148305661001      
218         -93551.684336878345      
216         -90990.305705506922      
211         -88493.304729559401      
209         -86125.299176555796      
209         -86343.058726399671      
207         -85010.07477900885       
199         -80711.49479159301       
195         -77456.131492455374      
205         -84781.554376952423      
213         -88907.521833630424      
204         -82636.510240369709      
204         -83338.729674580332      
203         -81830.634134599313      
203         -81382.520471519252      
205         -82867.456393469431      
206         -84368.576063708402      
203         -81185.366502362347      
197         -76247.653052844587      
197         -76209.957249216721      
196         -75572.888829528427      
187         -69421.716434572227      
190         -69877.777193966584      
185         -68199.747100467677      
175         -63130.670665574195      
176         -63253.748460944662      
180         -64538.453674438177      
180         -65220.119546832706      
163         -54128.620257753915      
175         -62178.044735906573      
180         -64780.629883417823      
175         -60532.797870731461      
173         -59938.279408233553      
188         -70376.855959107459      
187         -68216.228276681388      
186         -67808.973785006645      
188         -70196.329308030821      
197         -77532.063713135634      
194         -75808.560337934512      
200         -80934.049630426918      
192         -75212.487319714797      
190         -73195.674008822694      
187         -72229.289591018314      
184         -69345.696772749972      
186         -70719.392813917802      
193         -74672.1082094921        
196         -74791.369362102094      
205         -83803.60469257884       
202         -80716.475292306015      
201         -80214.67283346795       
201         -80451.768311468928      
210         -85957.269830715799      
202         -81046.444343087336      
200         -80495.780526969727      
183         -69292.551929674737      
181         -66836.578836036701      
183         -65931.618500046607      
180         -64570.322558925967      
190         -71632.253042296565      
189         -71939.264489653433      
187         -67266.97744394312       
180         -62447.728692844546      
185         -66615.07863002934       
176         -62844.083938496566      
168         -58248.283534151422      
175         -61513.651975985573      
185         -67202.071866387778      
190         -72631.811785247148      
191         -72049.223005407053      
194         -74518.773998380871      
201         -80038.949699168443      
208         -86244.731997434181      
208         -86083.308270313224      
218         -92013.837387213687      
218         -91918.045215435515      
218         -91265.136460099617      
213         -85782.167265115815      
213         -87825.755831552975      
209         -84303.081493085847      
207         -84326.591065490036      
204         -80914.811735147669      
196         -74443.453052398894      
206         -82676.221510913267      
193         -75554.984304332495      
197         -78825.36444908577       
194         -75622.364672898562      
191         -72996.570516498701      
189         -70923.246020011778      
179         -63787.990541892017      
165         -53464.701620954271      
152         -46570.432448503547      
154         -48268.737514204011      
169         -58088.733088787936      
182         -64360.123996046415      
177         -63299.039534512369      
187         -69791.958540194086      
192         -73356.828639621948      
197         -76037.25006295662       
188         -71021.424607980618      
188         -71768.941101548568      
202         -81711.911419615863      
200         -80489.547382123783      
197         -77763.274458540633      
193         -73978.950525242282      
194         -72710.000378414028      
199         -78091.005279125937      
198         -76352.027845217031      
192         -72191.317263062068      
199         -76467.693676432478      
196         -74468.715953453982      
198         -77502.708878526813      
200         -76918.115769057666      
199         -79634.412543359911      
213         -89694.529591845814      
224         -98690.879808576618      
222         -97477.310953822904      
234         -107650.53377033939      
223         -98803.538125576757      
231         -103361.25199636385      
225         -99788.732457145059      
219         -93942.852438672679      
218         -93935.286113773196      
220         -93957.929384053787      
215         -89992.455021101501      
216         -89927.70773648766       
222         -95217.153504386675      
219         -93185.946411288212      
215         -91044.404005863034      
200         -80398.951702805673      
195         -76487.727835807542      
202         -79968.159086837069      
203         -80736.551956374547      
209         -85320.014728545735      
204         -81673.456472720078      
195         -75076.414208917951      
197         -75440.659002336921      
197         -75501.473745103372      
196         -74820.052837601339      
184         -66255.308314494163      
188         -70948.557045609268      
180         -63413.038112834802      
176         -62200.228877860907      
180         -64525.12900980311       
177         -63238.810766004557      
176         -62200.415529507271      
176         -62276.574956815624      
166         -53636.692017290625      
190         -70964.486487977512      
197         -77183.779492145186      
200         -80069.260522180892      
205         -82979.941087012587      
199         -80781.560152235543      
200         -81046.057646075758      
203         -81821.49187473199       
205         -80154.824747691426      
196         -74823.135024111762      
203         -80875.004459368924      
197         -78457.193011723328      
198         -76320.854357784337      
210         -82485.450472636803      
208         -85446.335115710113      
201         -79979.062049961736      
199         -80867.475350785418      
203         -83765.919801874945      
209         -87602.484804993466      
216         -91388.403924100072      
215         -91752.293577183184      
210         -86974.410638119152      
214         -90312.840840129473      
216         -91616.434908249634      
215         -91859.430581124107      
225         -97131.409367745175      
219         -93843.918872438997      
214         -88859.185907241859      
205         -81828.154300146402      
191         -71722.564283428714      
178         -65699.545888317123      
187         -72204.702932207772      
191         -74693.11975259571       
195         -75115.571759427519      
172         -60431.222726969427      
167         -56880.14979343443       
160         -52343.527425121996      
131         -36434.030398951625      
135         -37850.066870890136      
148         -44718.444157712824      
144         -43050.397970381782      
139         -38207.997504412859      
144         -42790.894154776048      
142         -40179.362796018038      
139         -39215.423590425526      
164         -53377.845539748865      
157         -49668.414267826673      
148         -45319.437261094507      
165         -56288.573496995668      
148         -46213.325767221526      
161         -52562.651822742228      
160         -52449.887008861457      
162         -52684.950860396537      
170         -56091.94388739585       
168         -54477.264926955548      
163         -51012.89192881246       
159         -50134.115262725318      
157         -49343.536832180325      
149         -43180.410058179121      
149         -44505.050577264417      
161         -49697.842294067748      
165         -55850.09112224471       
165         -54822.036353495176      
175         -62766.17545756077       
173         -59586.298240086318      
175         -60378.049624353633      
170         -59689.324215962581      
169         -57612.8285918779        
190         -70541.550802026206      
167         -54899.595454254217      
157         -48692.429063542215      
160         -52268.255261473474      
165         -57104.155472887069      
176         -66103.628175226753      
181         -70646.95453493853       
184         -71418.752973383031      
177         -66387.142163904806      
185         -70430.469103339448      
196         -77446.038893623452      
202         -81685.548847284372      
203         -81069.403804279151      
197         -76707.095213898778      
180         -65951.069154563214      
177         -63095.225106218488      
179         -63385.960484644471      
164         -55038.527132563591      
157         -49021.74247391471       
167         -56838.767399386292      
165         -54968.744956583076      
168         -55526.189154157772      
166         -54745.851370013363      
173         -58881.542245077762      
180         -62907.164121596652      
178         -63872.301480130162      
185         -68310.930385295258      
180         -66460.40353088337       
199         -79442.578621241933      
192         -75940.333375484741      
192         -74504.365415201319      
183         -69673.04547692163       
187         -72250.654128477123      
192         -74447.600406662765      
195         -77163.663173551395      
199         -80781.616200026765      
205         -84196.639892981926      
205         -84989.371394371643      
208         -88347.770367595251      
198         -79128.980363098875      
206         -83851.800881249292      
205         -83660.443678312309      
203         -83068.641713559206      
203         -82139.307758371186      
201         -79990.039657733461      
205         -81040.549833102195      
198         -77405.904192801769      
200         -78784.603310753489      
205         -83272.950125384523      
195         -76010.335408168918      
202         -80808.613979886242      
192         -76459.881709300244      
188         -72606.952490866781      
186         -72126.847505202561      
186         -71060.476884721458      
196         -78469.756349537289      
198         -77741.871659112367      
207         -84701.622461589606      
217         -92010.61357958497       
224         -98719.515868007831      
218         -93287.681171942982      
205         -83668.34924945001       
206         -82857.201465812483      
201         -82005.313476807016      
202         -83067.676148781335      
201         -82007.255582012353      
197         -80418.371979017043      
195         -77400.592697226894      
183         -70105.190361797257      
186         -70166.315361843503      
196         -76972.746873501121      
183         -67812.240224256384      
185         -68326.470591939185      
193         -72687.29744656304       
198         -77006.106748182283      
203         -82294.633431912414      
196         -77552.298225505117      
196         -76556.499533816997      
195         -74750.212451881103      
189         -68605.703555766348      
185         -67699.938487995008      
187         -69587.055209430371      
176         -61205.832281388808      
185         -67326.239794065797      
189         -69657.93618117689       
186         -69254.683242282335      
195         -76492.545201656612      
190         -72436.410443206434      
188         -73019.343838910427      
187         -72414.766649720666      
194         -75935.049538862702      
186         -72021.975867569767      
187         -72738.628590919689      
169         -61545.416150068493      
174         -63360.155877674122      
180         -67814.154154977616      
196         -76922.219499320519      
173         -61433.523949049493      
184         -68128.935549258546      
178         -64640.379167393476      
176         -65992.565397010112      
185         -70297.658233863811      
181         -70295.071038098016      
197         -80511.371358281162      
197         -79305.356772924293      
191         -72544.112010490688      
190         -74048.842542824961      
193         -76332.645152915589      
199         -78816.638466008386      
212         -87880.310549416725      
211         -88246.690850822371      
206         -85143.805571292818      
209         -87156.51103404061       
207         -86471.036805169206      
208         -85514.181355860885      
199         -78386.215470919429      
199         -78134.924137255744      
193         -74225.293353843779      
178         -65202.350823806562      
188         -73036.059176504874      
183         -67031.229696569106      
193         -74746.653024092695      
195         -75624.883142077277      
191         -73490.586738698621      
193         -75698.805315012549      
195         -74858.474084163245      
175         -61860.394772816951      
177         -64122.520095234919      
185         -68785.144294590544      
190         -72124.547373906345      
192         -73081.129967818502      
188         -71740.22659724539       
192         -75775.460544341753      
198         -78348.162161273198      
193         -75073.195715484137      
187         -69418.140012791308      
178         -64720.168366154721      
172         -60178.533963477479      
164         -56797.009948082254      
165         -55351.248488166646      
170         -57701.706150068967      
184         -66197.789599438242      
167         -54358.063469178589      
173         -60150.304182255059      
173         -57739.125198785026      
178         -61757.968663300468      
173         -61302.279226554216      
148         -46395.773147912878      
143         -42891.436678061807      
150         -45010.670589570742      
151         -45438.525087940376      
152         -45475.79014503285       
147         -43101.364886754607      
138         -38546.478946777053      
129         -32351.95187970694       
134         -35364.502309108306      
128         -35510.409673424678      
146         -44268.450243439867      
139         -41158.437947503655      
138         -40276.384953432811      
163         -53117.859327270278      
182         -65441.989701233142      
181         -63718.370990722236      
193         -72436.401523308828      
183         -65368.221282832972      
186         -67269.171925079005      
178         -62408.759743758688      
183         -64302.745407012917      
189         -67066.674594271317      
186         -67248.663366767825      
