510 1 -4140 35 35 35
102         -161105.71751066396      
106         -178592.30969280651      
101         -159908.06604762946      
100         -157614.42049406248      
103         -168399.89063023715      
101         -179781.3481804271       
104         -186205.89323757461      
105         -190303.42886824056      
113         -203684.94715069706      
104         -185696.70220922894      
105         -183968.63170031924      
106         -194595.86478601512      
99          -176837.0938624265       
91          -148375.37107822095      
99          -166197.3148207354       
102         -180820.03903100017      
105         -188398.86928763977      
104         -178941.856399354        
98          -155923.10439304102      
110         -191118.41642537431      
117         -219257.08167151891      
116         -220330.82010252256      
117         -222641.02026567573      
117         -223441.68632329971      
111         -208924.7451706923       
106         -184824.81961349788      
91          -138409.5862609318       
87          -119061.7651796857       
78          -103661.65280996151      
80          -104184.75997956173      
82          -108939.71112516308      
78          -96374.711279209005      
85          -118378.89764789879      
90          -131104.78480460373      
89          -127789.66583322585      
88          -125159.29844667754      
90          -136589.06640680818      
95          -146212.67837429748      
101         -160868.96965890261      
101         -169060.04110365917      
104         -172462.5718615863       
106         -181186.16326335978      
105         -171919.30370193982      
105         -166899.61754160174      
103         -172346.53017472461      
100         -166257.74334206813      
111         -199294.86306299971      
107         -189607.44632934307      
116         -219431.50385344159      
119         -233653.29534907453      
120         -235948.37288472318      
117         -225683.00427238279      
118         -218476.61384093223      
112         -197085.28858221535      
114         -199448.31348337312      
115         -204654.85371233721      
109         -185576.29996382404      
111         -192890.31451675398      
117         -215229.79201987162      
123         -237368.55602616255      
116         -219127.88637627196      
111         -201296.68830616231      
118         -223151.11712888422      
110         -198261.75263625491      
110         -195092.50232889052      
99          -163053.02899785858      
110         -194662.72254812272      
108         -182644.53147300184      
101         -168528.18821383707      
103         -170592.01493024529      
109         -188487.27998412168      
101         -173169.42627969934      
102         -178986.40124366415      
102         -168564.69127129856      
114         -212759.84195544772      
115         -219279.21260068569      
108         -189759.44386550511      
105         -186613.35585632612      
108         -190500.02421583654      
113         -204456.39415876364      
112         -203835.35052398604      
113         -206620.03199018678      
109         -193677.99230463518      
119         -231005.13011300605      
118         -220606.85892656285      
124         -245980.75713773421      
125         -251514.47463838058      
124         -248763.11675388826      
127         -263467.24512364843      
130         -277274.91652536881      
130         -269711.21905911498      
118         -228782.9154000995       
119         -225405.02477013247      
122         -237172.33657965946      
122         -236472.33011482545      
113         -198932.08748095634      
102         -161868.40790344577      
105         -172613.19788522692      
107         -178846.49333667371      
99          -154614.9796795343       
97          -154389.58315170472      
99          -165345.64457811622      
100         -165279.32407709141      
105         -182057.2124092147       
102         -168880.1392931281       
104         -173049.20455279062      
103         -173370.51605343464      
98          -157044.2488874736       
102         -162745.37625444261      
103         -169816.30267372492      
109         -185733.2583676083       
99          -157511.11505574948      
89          -126332.0312008522       
96          -149820.2471901603       
85          -124895.93750543962      
91          -137082.96267602994      
82          -112196.1602245122       
97          -148429.70399863538      
111         -189091.59803714839      
118         -217168.31243147945      
108         -195345.72102314667      
113         -214985.90228422586      
109         -201019.82902261376      
115         -213078.57587711865      
118         -220658.94946303687      
110         -188973.60875245073      
112         -197736.20620802671      
111         -199973.08766284454      
113         -202114.27647860412      
114         -207282.5177707423       
116         -211354.98563327899      
116         -211017.66917121931      
110         -198109.21264206863      
116         -210717.10154499864      
115         -207412.88435127589      
107         -187735.82401308048      
109         -199970.76828760497      
110         -196464.00970060809      
111         -197287.79060487117      
114         -209648.71172089491      
119         -226916.35901555821      
117         -220930.65140007489      
118         -219488.47959939105      
115         -213670.56332643065      
113         -205492.04448897362      
106         -178861.81084681643      
101         -168337.55840604598      
93          -135439.73006792809      
89          -127879.01883791581      
89          -127015.11688404372      
82          -111565.69733578186      
85          -117004.58571628449      
82          -105386.75581116645      
68          -76467.702719731504      
62          -64737.048011390645      
58          -61464.819670572862      
65          -72684.957046786993      
65          -77551.922804063288      
70          -82939.966987862237      
73          -86395.697126216255      
69          -86566.179707581483      
68          -78820.3654913145        
70          -81596.754824363568      
64          -76255.239127001216      
65          -80141.887443707325      
68          -80524.188100712767      
68          -77801.751096652035      
65          -61862.590392736151      
59          -55147.613823240579      
43          -33837.833839679748      
39          -28038.629803961892      
40          -21399.595041701581      
26          -13735.448885792588      
26          -11976.813576610255      
27          -12538.816881538436      
33          -19013.481550166674      
25          -10962.697767831434      
32          -18909.83436215132       
36          -26263.908877395388      
34          -22061.744934050177      
28          -12178.461228217846      
33          -20517.551043333249      
25          -12628.938626672283      
33          -17817.031057157401      
27          -17910.814052649417      
30          -22859.156948313037      
28          -14822.415434740124      
27          -12119.638108969037      
19          -7206.2643661357433      
26          -10272.192440808019      
22          -11769.465138045087      
42          -27877.87325632005       
36          -21525.933733773079      
37          -24394.937625238817      
28          -14106.831865278011      
29          -19746.643989552034      
19          -6581.9910510638192      
38          -32198.877486382982      
25          -14099.110072162497      
25          -16146.881655016208      
16          -5493.0474207116604      
30          -16522.860291561883      
24          -11872.688730552469      
22          -9867.2819892742773      
21          -5843.9773910137847      
28          -13550.735425769581      
21          -9459.3385174447103      
22          -11025.058376877665      
25          -13579.729090678273      
19          -5665.7226131095213      
22          -8907.4626878665022      
25          -14026.927320326631      
33          -18418.167889687109      
38          -22488.752302974539      
38          -23702.617881372331      
37          -24164.963246606123      
33          -18551.638320201651      
30          -16456.429368758349      
16          -2683.2401595564338      
20          -5714.5024635240898      
22          -10023.525730589703      
17          -5597.0464908154399      
27          -13379.127372428711      
25          -13671.107449530811      
28          -13228.616310049052      
36          -22166.175032830397      
41          -27081.372499637611      
42          -26416.473519851261      
42          -32201.603088987336      
47          -40604.376547626758      
40          -31677.996690762186      
23          -11251.169507165709      
17          -6497.3397039188658      
24          -9948.9379752221503      
29          -13166.398918305387      
37          -24046.525799526215      
44          -35702.681279958168      
47          -40361.000274534032      
45          -33721.754485267731      
44          -36687.11097440841       
34          -19723.782521187459      
30          -15946.675342981212      
28          -16127.322028576515      
34          -23202.075212830961      
38          -28805.680696806394      
30          -17279.921986329653      
46          -33697.790507941267      
34          -23192.204414019223      
37          -18993.446491098253      
35          -16475.823992250116      
34          -19070.948323921537      
34          -26667.298643807815      
41          -33211.282309387214      
49          -45968.013053114388      
61          -73639.962786675052      
60          -68046.457721509156      
67          -76613.931921452007      
71          -89037.319412184981      
73          -87768.816803796319      
72          -87728.61309396349       
75          -101908.14283989975      
70          -84353.553531442667      
63          -71401.270520172809      
66          -70813.174406350037      
61          -63914.476887882862      
62          -67723.736901711964      
55          -56968.742330335604      
46          -41957.65979836011       
37          -25613.817710936612      
39          -26910.46767250148       
27          -13938.292471784414      
21          -8331.3596628293744      
18          -7524.1419332641417      
17          -3917.0282537820249      
25          -9807.6118816869111      
33          -18778.164011095752      
31          -16145.87720888004       
36          -24624.891248912158      
34          -21196.724260438805      
44          -36568.554869161555      
47          -38302.157563437693      
36          -21041.186257819696      
32          -14425.350624272382      
38          -21633.85748225102       
48          -41392.869216307532      
34          -20356.481899851417      
47          -42118.442710748808      
34          -23390.681575910025      
29          -22868.434807082096      
23          -12337.014475201537      
14          -2448.8583863540234      
25          -12112.517430385054      
30          -15052.399143314662      
27          -16708.681247521399      
22          -9083.1625802101007      
35          -19314.780973429904      
44          -39049.161546911593      
58          -57674.91370161259       
45          -35419.425202541803      
57          -51518.698948067053      
52          -47677.765258210246      
66          -73720.658755459372      
69          -81012.740579155259      
68          -75256.223630358742      
55          -49827.373265577829      
50          -39838.761577551719      
54          -45690.17009086375       
52          -45591.006115394441      
58          -58813.000343698339      
53          -50675.934124910884      
56          -57067.102561985441      
58          -57179.22957081825       
66          -70674.962908263973      
69          -78132.960683397105      
61          -64644.538402059377      
50          -42004.989576199063      
61          -58087.346734665392      
69          -77153.447489582817      
66          -75871.758958116232      
62          -71799.828871823978      
57          -55545.459498289347      
57          -63250.681623157136      
57          -54694.865978514681      
50          -38217.67983097359       
58          -52447.215677859087      
58          -56393.038551395686      
56          -55489.163947177825      
61          -64540.198182439126      
54          -46169.703458087693      
67          -70438.750791238679      
58          -53669.086060214686      
56          -50158.883823770753      
63          -66782.895087662648      
50          -50331.895547873457      
38          -30942.434893134632      
42          -31758.606870970587      
31          -15687.07454810944       
43          -32854.648586855466      
46          -35865.791805628505      
31          -22666.277162942901      
25          -10810.57042054978       
30          -12128.634427897447      
35          -21875.838161504689      
40          -26326.121088662625      
43          -29302.990078818304      
40          -29917.797928767231      
34          -20236.185471339541      
37          -23585.166054661313      
42          -30539.01929491253       
31          -14297.65713036445       
42          -34868.49166160899       
40          -35510.00290050183       
45          -38649.250986082458      
37          -22132.029483974085      
47          -37466.223617209485      
42          -28797.554575894021      
35          -24058.30316691153       
37          -27980.327215394595      
34          -20778.542864114868      
40          -25806.299744001648      
33          -21229.271065851528      
41          -28209.476714613087      
50          -42379.78584999781       
39          -29058.42191057936       
45          -33145.671485586696      
40          -26014.141773853025      
38          -25265.418883180839      
30          -18031.818967024279      
23          -8358.7563694625715      
25          -6554.4373429371053      
34          -18891.860962696705      
37          -24187.407989690124      
29          -19956.889803966289      
28          -20913.828965165565      
33          -20867.984541779242      
34          -16753.761795655555      
20          -7276.0199760409232      
11          -2864.0420616473225      
24          -10600.409774351006      
15          -3925.5217381433299      
22          -8473.2418240636798      
33          -23311.200673576946      
47          -42920.341706715641      
33          -18448.282793008733      
29          -13553.862868983817      
19          -5524.2741125418679      
26          -12191.885841951083      
30          -18408.816630319416      
32          -21871.377290964345      
30          -20626.975023468753      
37          -24081.279875018521      
39          -31150.091787115231      
44          -32976.534601000647      
45          -36722.827133994688      
47          -43566.805834951367      
55          -55164.755607854924      
57          -57752.611473833924      
60          -67560.876034717352      
57          -58617.113638363982      
59          -66791.537117003769      
62          -64089.764529231368      
62          -66991.126136262028      
64          -71514.269264906106      
69          -70572.529344936105      
58          -58685.146827203811      
49          -47016.521386557804      
59          -62945.392244360155      
67          -78313.048256193812      
62          -67325.003339403615      
65          -72684.786610416413      
59          -62048.188991961433      
56          -56364.611251808019      
50          -42078.446046561286      
62          -64024.367300518657      
53          -51865.637581420182      
48          -39688.126479428021      
52          -46661.898543951065      
52          -48254.681717590167      
47          -44330.434290609781      
38          -29290.544849349924      
36          -29600.977437217702      
40          -32083.918128467973      
43          -34270.059022852656      
45          -34575.395051158041      
35          -16166.446063225001      
21          -8158.8181378929639      
19          -8907.4208968533476      
22          -6853.9463381578089      
28          -15818.0188061263        
29          -13960.943127352493      
25          -14057.33664086309       
30          -14511.852233614602      
37          -22453.317671054323      
41          -28817.522239662045      
32          -16829.418348034356      
32          -12532.05582259965       
30          -14257.910679781304      
33          -22267.970219056966      
41          -30739.407045374217      
41          -34171.616416895478      
28          -16522.163505793305      
28          -15032.81339821947       
25          -10579.179742528813      
32          -20049.665297036787      
22          -8067.5560588431599      
23          -9534.6033222119077      
27          -15292.247102194988      
20          -7269.0837438866638      
30          -24459.414389563346      
29          -15454.038031171442      
25          -14634.708413970468      
21          -7604.4871089826393      
18          -6079.7284985878596      
17          -5130.3579206530121      
21          -7212.7169793779931      
25          -9080.4785402685338      
24          -12927.717789670527      
38          -18501.648787517544      
34          -20535.41100443108       
41          -30181.524329587271      
53          -52558.220007650198      
27          -11669.19897957622       
25          -8256.7511547638769      
32          -22612.480237755226      
27          -18006.168331311252      
33          -21454.442603495641      
42          -27794.644443344921      
52          -47136.180884767753      
46          -41368.766319520131      
51          -46507.022312594592      
53          -45619.903706733858      
56          -55245.016207845991      
60          -52225.091707976317      
64          -69226.632754449791      
62          -72013.432849657562      
64          -76394.299929733083      
59          -62757.154842146512      
56          -56262.666628679988      
56          -56688.273711074835      
70          -77261.386650647517      
70          -74303.584406761292      
68          -79647.335437426329      
70          -85883.001289428241      
73          -88427.145358307578      
66          -76432.906851853273      
80          -103113.16871180959      
87          -116411.712520837        
95          -142833.37413961429      
96          -147440.76152646125      
99          -153733.72221531655      
97          -149896.68554993279      
95          -152888.71848121847      
92          -147665.64251239644      
87          -134556.81504147078      
86          -134272.87897654713      
93          -150362.41064251369      
88          -138344.31435922164      
92          -142123.23318384649      
97          -151219.31597738917      
101         -167558.59081166744      
100         -168747.13382258549      
98          -157913.08126657631      
84          -124073.66946653293      
79          -104158.31163033201      
71          -86576.025498228249      
63          -64333.682464417674      
55          -57747.547731226558      
58          -60013.885107766706      
61          -63407.233491383362      
59          -59603.71115820991       
58          -63231.715523756211      
48          -49548.415103971151      
55          -52480.079905555969      
45          -42407.199175430775      
48          -41289.252539112393      
45          -37904.297397363225      
40          -31108.618914634237      
60          -59164.055499231428      
67          -72499.716242995681      
70          -82354.139267126258      
75          -93766.920069964326      
76          -88877.953986596345      
71          -83113.191949159314      
78          -94257.073696142819      
74          -94425.346991289756      
82          -115677.43187646838      
74          -103348.01249240981      
71          -93577.299282227963      
60          -73288.280522775676      
68          -87765.069270991211      
65          -80799.979581275838      
69          -85950.571615875728      
75          -109219.79659871088      
78          -108872.44795771837      
74          -98460.810356180504      
78          -111403.70816410022      
81          -115531.48659422836      
67          -82164.887568789447      
69          -84099.633847142191      
85          -116700.60585601388      
80          -112035.99608772281      
78          -100478.65529267932      
80          -107372.86818392247      
66          -84935.268760121733      
79          -108534.09969471443      
86          -128253.6144225254       
93          -139345.94741938155      
92          -140565.60144830591      
80          -108109.22178809899      
88          -125106.22725688963      
82          -117668.93270204973      
85          -119207.43205363429      
81          -108014.85680762067      
78          -101571.96776943849      
70          -87192.968906525479      
57          -66332.481483854412      
55          -57921.351003434538      
47          -44744.532435500529      
50          -45878.89415243586       
46          -38774.265666011583      
44          -39090.582665488197      
39          -30481.007305797415      
34          -16602.735247327251      
27          -11734.771373634914      
16          -3546.2299287536184      
16          -3537.1461673511481      
14          -4077.8001687094488      
15          -4946.444921387475       
26          -11711.614979064698      
22          -6763.3810803621163      
21          -9581.7908052078146      
14          -4394.3508649602709      
23          -8323.48183860061        
16          -4693.2607420299637      
18          -8442.9584147022633      
27          -9245.0844352949407      
25          -9254.0583656329691      
35          -20525.758565060332      
22          -7991.0463319474975      
30          -18926.143443697758      
37          -29941.124028761355      
31          -16208.093292162652      
31          -18128.198289807468      
32          -18273.549548168823      
47          -34885.44684190971       
45          -33973.520922401513      
42          -31117.122470984494      
36          -25583.155792626771      
38          -33153.660440952277      
38          -24128.353419498733      
35          -19662.356573182198      
23          -9566.1567413755693      
26          -14727.753001773082      
28          -16971.979373128772      
23          -11077.899774935056      
22          -8113.6392797069575      
36          -22250.304147645515      
27          -9375.6606643827745      
16          -3804.8958043962439      
21          -5604.2308014074169      
24          -15190.294147984867      
34          -22646.525753026668      
37          -30028.838231721267      
43          -35716.419094383717      
41          -30606.320863402703      
47          -36698.29581128202       
57          -57907.699000443492      
62          -61357.389354836552      
58          -56582.420347345964      
65          -75299.647065960016      
74          -95774.360006990595      
73          -94535.437542985543      
61          -69762.589586876682      
66          -78735.497450861294      
70          -77144.147347877442      
73          -85939.288836058782      
75          -95849.377093351184      
66          -75540.03375164645       
62          -62373.039925012359      
71          -85622.572632844225      
66          -75016.597492989342      
47          -41439.935687103534      
51          -43941.998227718599      
62          -66230.153829739138      
64          -69838.54254587114       
64          -76769.474302622402      
60          -68598.418291826601      
68          -75336.864961039173      
67          -73453.890832927864      
56          -51361.936580901784      
52          -41448.187114382803      
43          -32975.230030115905      
52          -47862.107682287788      
59          -55640.886520843203      
55          -50543.044867102893      
53          -40431.896972580944      
52          -47155.97543065394       
55          -53481.33747616785       
54          -61858.785604846111      
70          -89108.159477219771      
76          -98483.983151096385      
75          -98252.237687858957      
88          -123668.34235763579      
87          -127291.5017306435       
85          -125058.52450962865      
83          -112714.73782735263      
83          -114324.27078506837      
87          -125251.05013872001      
83          -119290.60994971766      
89          -125927.54665357745      
90          -132686.80060287603      
90          -138244.17190855113      
94          -146077.84001848061      
91          -140537.21231013638      
87          -132526.19662468397      
98          -165945.6647266339       
97          -156707.8193623666       
104         -169994.47225449627      
110         -190619.66512577617      
92          -139175.2854055952       
99          -155006.26078126393      
103         -174774.60400336806      
105         -184537.39839436801      
108         -189265.15703276184      
102         -166679.00755460071      
101         -159298.17452460024      
100         -156888.85337968206      
99          -154385.90790856784      
94          -139973.11265049322      
89          -129075.95044824549      
96          -143075.61398601407      
85          -111850.43769563684      
88          -121761.43431193088      
93          -135726.09012590299      
86          -118350.04106852299      
85          -122515.36361543094      
89          -127684.39492949921      
94          -140907.83444183733      
80          -102655.36121737158      
86          -113803.76343046284      
89          -125031.99495308254      
78          -101870.47147674847      
90          -134091.20479847403      
89          -133863.81837825611      
85          -120024.99254229963      
81          -114021.01448564531      
79          -113197.69607559836      
86          -129240.37797096375      
83          -124251.78603613765      
86          -132077.9768551671       
76          -105892.29761437248      
80          -111069.46456594332      
84          -119190.01432270903      
91          -138059.35690248088      
81          -115475.14886045392      
80          -113063.38526655186      
71          -88957.746946964457      
81          -107983.82771678863      
82          -107412.66073923242      
91          -131441.48243686141      
99          -150588.93038414491      
96          -148249.65834482768      
93          -137357.41495664764      
96          -145394.07306814828      
86          -119601.32030703478      
81          -110990.28824315831      
88          -122410.06020689449      
84          -113640.75803761532      
78          -96551.367836758072      
75          -93163.678682857222      
80          -110142.98310754199      
86          -123232.75164558957      
96          -159740.57078534676      
80          -119218.5078001517       
77          -111629.66320069892      
77          -104715.38797283497      
82          -108035.71232292442      
83          -110973.67118252687      
93          -143023.56244809774      
91          -135303.33298153835      
95          -144640.71623600891      
93          -137021.82116872125      
88          -124191.29015383673      
80          -106603.94145185786      
84          -109941.96303588673      
85          -108124.03424084329      
78          -97380.780149548518      
86          -112948.98972212947      
80          -109208.67059300613      
71          -86782.829603393664      
62          -71990.358364209751      
58          -60554.67237411657       
52          -41175.042426691303      
51          -41436.610811508937      
38          -23108.540967427947      
34          -18199.393612462001      
16          -4255.2776074613321      
28          -17684.262144938621      
48          -36327.443875620331      
45          -37159.942733797012      
45          -41762.617055425551      
45          -36218.678947709632      
47          -41043.624108649099      
39          -25572.019859825228      
23          -11413.700388769539      
31          -18693.87103200698       
33          -20850.792984798347      
34          -21931.363582006532      
29          -14853.535405228569      
33          -18359.318090523557      
30          -17008.428291633692      
28          -12341.051796426429      
23          -12836.064215882005      
32          -24025.749990148783      
29          -18327.992511245098      
18          -5149.0941502095338      
21          -8904.5090936172473      
27          -12755.533290404928      
25          -13817.623946392356      
30          -18760.655471174272      
37          -23190.956482239279      
39          -30891.907191215247      
45          -38755.347703683037      
52          -46420.591440995559      
41          -29098.403881890037      
39          -33405.249266010855      
44          -42077.287853468129      
36          -27764.013809800461      
45          -33654.288965085267      
49          -41992.854635393844      
38          -25475.093233012729      
19          -5219.1296504135398      
23          -7363.5094935740844      
29          -16434.146584130376      
39          -20073.230051617611      
33          -22297.131561660142      
47          -39456.953279389229      
54          -49898.725206935385      
51          -48939.619762408212      
49          -43347.531352934428      
47          -38222.778989109298      
50          -36853.268567988467      
48          -36472.13082639005       
44          -31819.455630910896      
48          -37865.924061435093      
65          -68528.04098326579       
78          -94277.324139372664      
72          -80093.149018695898      
74          -79465.240769691416      
76          -87716.133343821872      
74          -90803.868983901149      
78          -103152.91725588882      
64          -73544.859614787085      
59          -61220.653822418477      
61          -61325.789194244513      
60          -63368.98944686984       
49          -49687.097356497412      
59          -58954.450954423883      
80          -112910.44316103852      
93          -151728.89855654188      
89          -135759.55016478579      
92          -140755.5105577576       
104         -169178.25349293023      
102         -167544.17102614741      
96          -154419.08102708138      
101         -171657.96285951202      
104         -179432.532452816        
114         -206888.76690372112      
115         -219354.47991199797      
113         -211728.87482392823      
111         -204137.03553680383      
104         -183730.36425017306      
94          -148199.66143841093      
103         -169215.13206342523      
96          -140919.30762546338      
97          -149460.14756769151      
112         -199774.51725249516      
115         -204610.71406231908      
116         -220548.22938914687      
113         -206906.914869364        
109         -202667.31995977362      
116         -218215.31788032761      
117         -220128.90078867122      
118         -232872.43384927273      
115         -229956.6140741806       
118         -242388.17671602071      
113         -214634.72278374579      
117         -228668.20407650463      
121         -237193.65904704193      
111         -204269.37037606214      
109         -196884.44647866432      
118         -225622.36696292658      
117         -222320.23170866567      
115         -218219.16160635644      
118         -221295.66847947263      
113         -207392.64425343735      
121         -230691.95678608233      
117         -214692.05103981553      
109         -186076.81666614441      
106         -175771.48301851942      
95          -148680.29459121008      
95          -152990.70480858849      
95          -150275.59349821176      
87          -132484.81984271103      
91          -139797.17419011192      
87          -125531.90526391301      
84          -117758.4501409691       
71          -88760.26535182113       
61          -65917.537461068918      
63          -73818.107222633465      
66          -84079.948298272066      
67          -77962.760917232212      
63          -70069.169565133809      
76          -111893.7140590841       
79          -107560.99658497144      
86          -124787.28168305615      
93          -143474.99786075013      
79          -115367.82728819523      
82          -118399.07310079342      
81          -119954.43517314746      
74          -97234.165613288191      
75          -100957.262513282        
82          -110728.43538793662      
85          -119798.85031092877      
89          -130027.59047207603      
89          -132263.97334818944      
81          -111628.86697740521      
87          -120437.13297894783      
89          -122245.09408396116      
88          -126639.73478273212      
102         -166265.14911430416      
94          -143288.00229585689      
102         -166932.45319853196      
102         -163425.99432540571      
105         -178007.33021538614      
108         -188428.04147072829      
108         -185858.73766836172      
95          -152991.12470039146      
94          -138805.09033683513      
85          -118657.47079006094      
98          -152651.41109411776      
90          -129083.32742686267      
89          -126054.17018482793      
95          -149565.79453598903      
94          -140280.9147100157       
85          -116062.89179859086      
80          -96399.747438400707      
77          -91164.562109245395      
80          -99387.55044690147       
76          -90378.987084287233      
79          -98697.036209231883      
81          -102290.35235361512      
81          -103118.95166280486      
71          -81692.653892828748      
74          -81973.434239768103      
75          -86050.420440153641      
68          -76951.437991699262      
77          -91507.288822676623      
81          -107883.89138696666      
84          -117217.24738276101      
89          -127491.25527971485      
82          -112167.10672481838      
75          -90068.670136394678      
75          -89350.973236189559      
73          -88142.684666262066      
68          -78975.554049588085      
72          -85032.20764823613       
76          -90790.890521928348      
66          -73056.179307311642      
80          -105497.74034985511      
77          -95550.79640403323       
69          -85873.803931705654      
66          -73409.107257460215      
75          -89043.448012221663      
73          -85382.508233022018      
78          -102510.70957275167      
77          -108330.44795985313      
79          -104805.48667447219      
85          -122267.41136402971      
76          -107014.91888742833      
65          -78447.018150932825      
70          -91982.78419764986       
61          -82256.357804178493      
78          -111384.79563766767      
89          -129637.50385613278      
86          -125714.48845414771      
89          -131008.50307469457      
81          -109157.38075904972      
77          -94942.606326339359      
84          -115556.17883526394      
90          -134291.99438600871      
103         -176212.61771273203      
103         -173292.15672589967      
105         -171343.84184505889      
112         -194902.41856691899      
111         -193643.29356774225      
113         -201266.21058587631      
107         -184496.4793901688       
101         -176492.67931517467      
108         -192061.81839067099      
114         -213125.9633588529       
109         -198331.48841157489      
117         -227712.02485806213      
110         -201747.40702928283      
111         -209229.22591921547      
120         -237281.38129868614      
113         -217635.84383021819      
107         -191245.08072844421      
109         -195756.92066474073      
112         -198264.18243978042      
107         -182893.20483907236      
105         -183443.35104520485      
100         -164457.6157440691       
95          -148667.54602000967      
89          -133046.43670350808      
87          -127243.23632983462      
81          -115558.19422388614      
74          -100295.09399270784      
77          -106760.19690544586      
75          -97180.696408835647      
71          -93164.882771514356      
75          -97040.006033395563      
66          -81344.172698667666      
74          -88948.491700400598      
79          -103584.75737180788      
83          -115388.40079353596      
74          -99244.95076996414       
78          -102428.07283342507      
81          -107222.88121646724      
89          -122740.17579126559      
84          -119888.19805808362      
89          -133855.35281039096      
86          -131173.71026315182      
85          -132519.47885340307      
78          -107614.82307985047      
85          -122660.19028158978      
91          -136199.81884454645      
85          -121532.82910831463      
90          -135169.14355330641      
90          -136284.49098689127      
86          -130047.30001459722      
85          -121581.2677779728       
83          -110326.86385440189      
80          -115192.48695961472      
81          -113171.45822826888      
67          -86216.802200431135      
74          -92997.848337568721      
78          -101936.97678553122      
90          -126501.5900732197       
94          -143184.75415712249      
94          -143784.10548766886      
83          -109656.11130428739      
80          -111724.49239650022      
77          -108965.30956264323      
68          -92027.28794323263       
61          -75572.267970438552      
60          -70993.18503732064       
65          -76323.589797782624      
71          -89650.014162584906      
70          -87509.751266522901      
62          -81009.024919706368      
59          -68319.983603690314      
70          -94176.792071266435      
74          -86586.349833193643      
68          -82637.889263107427      
80          -101018.65496411074      
91          -127811.9346184115       
92          -138913.05462136029      
93          -140823.68638306076      
82          -110436.357322904        
92          -135429.95954079909      
86          -123663.44797855962      
79          -106621.08456182107      
89          -126239.69798974601      
87          -128843.51662728027      
96          -145974.33208915583      
103         -166931.93949731317      
95          -138470.48807152308      
99          -160598.8566118271       
103         -171929.74848598844      
102         -167519.03080094434      
108         -182139.14963386589      
112         -192935.80005112643      
105         -171996.65511544762      
117         -207976.43205545971      
112         -193093.48450360674      
110         -185667.49834163918      
107         -174742.45621857484      
98          -156623.34675644574      
96          -146177.6097548618       
98          -154869.76066831409      
105         -174403.28923410375      
113         -203488.2219906252       
109         -188046.41140036398      
111         -184200.07165243564      
102         -162585.55598932374      
103         -162488.72934804068      
96          -140640.82078351796      
107         -188562.94280000933      
96          -156338.9393379461       
91          -135470.39894697588      
94          -138191.98439938901      
78          -103183.90585737779      
74          -98389.285221374186      
74          -94964.733048449503      
69          -87940.088184523716      
65          -78307.735676822893      
65          -72792.348157779285      
73          -80000.377312725279      
62          -62742.797378226802      
53          -49822.207549158724      
63          -68546.688572026731      
48          -45424.850748921381      
54          -51046.900133864954      
41          -36462.608046016278      
36          -29184.633734615327      
41          -32709.731402913927      
41          -38174.514624434254      
40          -28279.642555824437      
42          -31991.21076620476       
42          -32001.861298658416      
48          -37596.521749775486      
53          -51464.544020257475      
64          -66291.752568381155      
57          -47853.860491906067      
59          -50956.301397860065      
49          -34430.961572425171      
56          -43246.533386438932      
63          -60343.713227219247      
59          -59456.461041595045      
56          -51575.59483822529       
52          -50640.471746012619      
45          -33122.977351234993      
51          -45008.186926645089      
58          -60930.380915214962      
58          -61062.686240281691      
57          -52200.277537091824      
48          -39981.036308765913      
60          -55247.903756393891      
61          -60252.589330398849      
70          -83094.917377893915      
64          -76561.167536246052      
72          -88399.980965989147      
65          -78364.96468764868       
63          -69463.628471508986      
74          -99775.850245660215      
77          -98532.614481466764      
78          -103406.4344763446       
73          -84774.174827899638      
68          -73543.524961949777      
68          -77198.678580017397      
51          -45830.222482789075      
52          -49545.410380444322      
43          -34012.982669102217      
41          -32456.724577578359      
46          -35371.873090753768      
59          -54879.192728133894      
53          -56517.237433518581      
58          -57784.907719786323      
58          -64544.774197812119      
55          -57262.350346928964      
61          -61974.828900139146      
66          -74053.790522776413      
49          -46490.699522344643      
55          -56043.271682554689      
54          -48903.116197562624      
56          -52044.32782044341       
46          -38099.892298842715      
38          -21820.925785043823      
36          -19460.686122081683      
40          -23757.615672918226      
30          -13600.12919856535       
33          -21574.566794404829      
31          -15635.923375516551      
31          -14357.218704029601      
38          -24286.362439261025      
43          -37228.355171080373      
40          -33625.210170531958      
33          -20991.713212817831      
35          -23450.730954264011      
27          -12688.840433949576      
40          -28948.252240100472      
35          -23070.926007926297      
46          -50440.588302441021      
39          -30155.93910515352       
41          -28455.929390285673      
42          -29357.704393326923      
38          -25452.17214429146       
28          -12125.938814695704      
21          -5922.5206402825006      
29          -15724.844380558285      
21          -8152.2725321047656      
24          -13692.768787134915      
25          -9419.5885017218716      
27          -11524.742693482905      
21          -6867.2599474356821      
16          -4098.0744135075438      
26          -10319.148698651527      
30          -18024.042804766825      
22          -9569.1951996428452      
19          -6822.7066013677304      
28          -12121.196760037747      
25          -12958.543523061526      
28          -18952.08803796471       
27          -13083.563282429568      
24          -16610.369032190756      
31          -17860.692656416089      
23          -11894.505152093219      
29          -16312.893905864557      
21          -6863.5931940750652      
30          -14478.527205189925      
35          -22517.34123862605       
22          -12061.334567828055      
28          -12063.094177254006      
32          -17220.08415893036       
34          -20409.603976451897      
40          -27707.480414006415      
40          -29546.458794650618      
42          -32200.318093226488      
31          -16463.114038928936      
34          -17646.807891030294      
31          -14129.995206779629      
28          -11727.132333980961      
38          -25403.593354908251      
29          -13177.551649255216      
31          -15198.368443548936      
33          -21077.515104842656      
51          -42540.208728003454      
58          -58868.64602781515       
65          -65576.132234422039      
73          -89310.315593665626      
73          -97508.966813740888      
71          -94951.870066285555      
75          -111320.89542013881      
74          -100521.29952100209      
77          -105591.88084156855      
89          -132783.47346283036      
84          -120012.04717755674      
85          -120561.9252213271       
87          -132055.25209174526      
90          -137613.29463635862      
103         -172517.02102448564      
108         -188676.06141307761      
123         -235271.50078493124      
119         -221290.24621952986      
124         -241287.76482065563      
118         -219657.39744393161      
119         -227001.05967067039      
124         -248821.1721187651       
124         -244755.83622565621      
121         -232914.93834570091      
114         -206091.98433030467      
110         -191364.5350008618       
114         -202373.48538764843      
108         -192219.71128010366      
109         -190694.87939223944      
115         -209518.33039215609      
112         -200764.93374931556      
105         -173156.7219400811       
103         -163921.27453345893      
85          -119282.98156938118      
85          -118673.37255538683      
102         -160887.42342229109      
107         -177671.97289350792      
102         -164405.99169659941      
108         -183324.02411304007      
106         -177101.90180111246      
104         -164588.66527792299      
109         -184295.85482217028      
96          -142717.01524175639      
89          -125926.00775691253      
88          -129897.21037640401      
77          -104252.98431218945      
76          -103725.13943428769      
79          -119345.31937518078      
73          -97824.198417339547      
82          -114326.14672708095      
83          -119199.10787875461      
83          -118116.00767463597      
92          -140046.40470421294      
93          -134806.07881230762      
79          -101814.46842565705      
86          -123591.68550372413      
86          -126220.3305123169       
93          -143381.98775814188      
97          -146971.28277470946      
106         -170253.17698283147      
104         -163896.80346643756      
111         -183343.63063500632      
98          -149416.72156648029      
93          -136771.8049718361       
105         -166455.16673296626      
110         -188422.32506463895      
110         -188199.26675301176      
107         -179184.72215528687      
102         -166757.19032044223      
100         -155547.87754203958      
106         -168791.38644210194      
103         -172502.90212341136      
107         -182392.28962170551      
107         -189054.55724569905      
109         -194006.87050359586      
115         -210589.8608771078       
112         -202425.90251886786      
104         -177480.65192726822      
95          -150751.39981231064      
89          -131906.74817348749      
84          -113498.46011391806      
72          -89407.223303065635      
63          -69673.665097566482      
60          -61768.445614970653      
59          -70231.883288807134      
53          -58088.981505790718      
55          -63709.24265583849       
54          -53136.126774969474      
44          -44614.500581937209      
53          -47653.73222352998       
53          -49909.901638039359      
49          -45640.147308728876      
48          -44938.754737653311      
63          -72906.478308452992      
66          -80865.136768040538      
54          -60642.060299460834      
54          -51263.443396495219      
51          -52743.55506554163       
52          -48757.245447274741      
57          -54736.604414051515      
70          -83060.246155766989      
62          -69921.232006109189      
57          -58561.419157744538      
67          -81520.730004525816      
78          -96789.229230382422      
72          -87664.14266989936       
61          -68615.407810012708      
70          -86242.834125245019      
74          -93023.358555169689      
73          -96207.959784121544      
70          -97852.799547058778      
73          -103717.59063739468      
72          -99953.957030104561      
63          -76465.409336464232      
59          -71247.462179877184      
65          -79963.695437793562      
72          -91227.562872459544      
71          -94304.126937817418      
66          -79736.918541645995      
71          -93120.530361971891      
69          -87050.415497420719      
61          -63165.917260946844      
61          -63237.498044130822      
69          -76743.254191507236      
63          -69300.679123377151      
61          -63966.399765578339      
56          -48979.942826294951      
57          -53847.306271219248      
52          -49580.849109025119      
59          -64942.157218970686      
67          -73045.680916113226      
57          -59325.672884185355      
49          -48013.373406932544      
46          -46045.749342806637      
45          -44633.34767864109       
41          -34160.795010816146      
35          -23158.338763551732      
36          -24080.574344484718      
38          -29411.305566970699      
30          -22289.06911825588       
33          -20748.599491806875      
21          -8058.397121627343       
28          -11204.160015190893      
28          -11401.051655288515      
32          -16842.254739726359      
24          -10592.161474918988      
31          -16754.48888281747       
29          -21673.866085561345      
33          -18377.752098055578      
30          -16349.972699876816      
21          -10120.159382622418      
31          -17463.525218644827      
32          -17266.522375510896      
37          -26575.54979696557       
33          -15205.643409118469      
30          -20234.504392043433      
26          -16433.296222783723      
25          -17084.875004963345      
33          -21604.887381108118      
43          -32593.955148905563      
34          -21709.090336158555      
30          -17959.461618816073      
21          -9266.1425709499672      
15          -7259.6441763204011      
21          -6908.9450394702562      
14          -2317.9831807858204      
25          -13809.755789640147      
31          -15246.798471890734      
22          -8462.321391805126       
29          -14316.239896797442      
46          -36175.161138838965      
38          -22922.904161768751      
46          -40373.643416623658      
49          -35187.049674555958      
42          -33683.13598551118       
49          -42663.138562213542      
56          -53951.476264380115      
47          -36503.623196781547      
36          -16135.047372381272      
30          -9440.729331909235       
31          -11649.277421826753      
38          -22491.408994097503      
38          -25456.351637671694      
37          -23562.318421928627      
30          -13200.364436343443      
30          -18492.911985777664      
29          -20259.610723951668      
22          -10265.243595345195      
23          -7315.8321928485948      
31          -18000.740524889865      
40          -22112.299209526038      
32          -20521.983094823023      
32          -15008.929671314188      
41          -27583.529274224107      
38          -23102.75047134898       
33          -21436.965704987462      
32          -22832.463920890215      
35          -25174.070502606282      
31          -19173.139347256769      
32          -18082.086137914237      
32          -18901.893560774599      
37          -23971.691916344316      
46          -39631.830329448974      
52          -55403.960543922716      
59          -63925.971252311901      
51          -50347.746868178328      
50          -44761.068407389481      
55          -51713.30933165575       
56          -53154.8033590903        
69          -75909.383615872241      
73          -84188.794717536293      
61          -67418.444254252565      
52          -48480.363683511183      
60          -61671.065773777729      
69          -86169.028145166216      
62          -68848.091136776435      
56          -57639.483344805441      
65          -74757.500858598796      
72          -84723.626125553783      
63          -68228.356677907388      
73          -82673.497832163761      
67          -78318.772995257168      
68          -82309.531585431643      
74          -94983.631371743046      
88          -136065.35768339806      
88          -127887.70441549651      
80          -116971.378002465        
78          -115752.01663455553      
82          -113584.26790914341      
84          -117550.03552009704      
74          -95125.741797586292      
71          -88263.595627362258      
85          -121915.71253005035      
74          -95650.726677254497      
63          -68354.143858738928      
72          -88681.480203976374      
69          -83898.471841741091      
73          -79499.212922727238      
64          -64933.090042766366      
69          -79059.759113221953      
74          -89691.777376461439      
72          -91131.172024949148      
65          -75483.783969395983      
74          -96870.70898273756       
87          -128600.7043990823       
91          -133906.43039909535      
95          -141332.17661122134      
98          -151408.41860265302      
106         -178129.88856077997      
110         -190277.5627100553       
112         -196640.52351384234      
108         -181222.90461360943      
103         -170835.90741727586      
107         -183199.91795833703      
113         -201281.16835684428      
114         -200825.27603004724      
108         -189250.41560771261      
104         -170918.10030636087      
107         -186024.14205740715      
117         -221528.44818761997      
112         -205951.24198153906      
112         -204362.7718214037       
111         -189384.7908976787       
109         -186860.43844688212      
106         -180152.36715553951      
99          -154687.84881342706      
85          -126893.62566100064      
82          -114657.26067993302      
87          -121624.71966020996      
90          -129693.79974086708      
79          -115755.8384823032       
80          -107114.91612015619      
88          -127858.07772826713      
83          -117422.1477091634       
77          -105877.43220266719      
74          -94362.924424280704      
54          -49002.697276336025      
39          -25870.43883359306       
40          -28602.868366404142      
40          -23378.002136400515      
43          -33354.721716117609      
38          -22173.412903983099      
52          -47806.156517568779      
53          -47506.599586931137      
57          -56110.092554805247      
54          -52998.061642173707      
55          -54637.395990429846      
64          -67798.630011681467      
61          -65112.221127215955      
54          -56380.663107683984      
57          -59568.230381092057      
51          -48093.781222475467      
57          -59395.099024975585      
64          -66063.031049009282      
53          -47613.70154785068       
58          -50000.774214586927      
40          -23102.276547672976      
46          -32722.702426629927      
54          -47804.212743364049      
57          -52641.06946932953       
54          -45930.563894090592      
47          -37074.396754560381      
44          -37895.859151833421      
46          -41095.113971326369      
43          -40263.061932894758      
46          -46301.108489503051      
55          -53167.759346640574      
51          -49563.399812051306      
56          -54788.069108589028      
41          -30914.912477415313      
36          -22532.378507818474      
36          -24648.496567838552      
41          -36625.070256849009      
63          -64388.233168772364      
57          -58702.369093446243      
61          -59357.271333774377      
63          -64875.013107615188      
67          -74766.140396506991      
70          -94247.02308860523       
68          -84858.363808741051      
57          -60411.983834192157      
60          -69131.118205862513      
64          -74988.222000756767      
60          -66013.705300098591      
64          -70240.30767279939       
79          -107291.46853862824      
92          -135414.93191637189      
89          -125842.25855909387      
100         -156960.2589595333       
96          -141915.32673669085      
96          -140550.39408025538      
97          -143741.78078712506      
94          -143377.16434614098      
101         -158854.6439720483       
95          -142402.02016224878      
93          -138101.77531257356      
106         -175196.73918795757      
96          -149994.62596892836      
104         -170319.90158794727      
101         -157741.66158896044      
110         -189929.67141628746      
103         -173929.14220801354      
116         -221763.82776657678      
119         -229107.47849266836      
118         -219103.97854471504      
114         -206098.21005996442      
114         -206667.49256471638      
116         -211935.64794589111      
119         -220364.21550340473      
117         -211117.75441723369      
120         -220436.12470841449      
116         -213047.52066065944      
117         -218663.97652524908      
119         -231502.32595986634      
115         -216839.96161428341      
113         -203254.93726341432      
113         -197688.59023078284      
115         -203683.5839330192       
113         -200601.92723332599      
114         -203912.52676693248      
109         -187378.41970409491      
113         -205631.23028183836      
114         -206993.43877218681      
109         -194323.22786080101      
102         -171682.70894819562      
99          -156719.62245806714      
106         -176490.41759338466      
118         -213094.83612161136      
113         -198463.50708595186      
109         -188375.41019588112      
101         -163264.79663972568      
100         -157365.34289584478      
106         -179431.86941261817      
102         -165405.73740620704      
101         -163178.52637196227      
98          -160535.31966775309      
100         -163146.91989832686      
108         -183960.03172111927      
106         -174952.3821699103       
102         -162113.27683070692      
97          -145712.41283227492      
87          -120997.01066725783      
87          -126978.65381323698      
87          -121100.4324426113       
84          -121326.7375142407       
89          -132708.9670463448       
88          -127959.87968875817      
93          -138532.47060175531      
95          -138988.43554895249      
96          -146712.76587556856      
89          -133867.00885261336      
78          -102997.32694880263      
72          -93834.123037500773      
85          -123138.88047084634      
87          -119243.84964048174      
96          -140875.97972371726      
90          -128860.5953052525       
98          -149372.63460914494      
93          -136438.79692223875      
94          -141699.6597621043       
100         -154201.95171390031      
103         -162084.71086467733      
98          -153273.70542282477      
91          -135458.22868089267      
94          -133102.51421679798      
95          -133833.68403423062      
95          -138562.46238129484      
97          -146851.82739307074      
95          -145751.72826148011      
90          -133444.57905058452      
96          -143040.63630748857      
97          -153452.02176318408      
105         -175181.03866795974      
98          -153000.67980201147      
98          -160643.03362853779      
98          -159947.99215267232      
102         -169057.9888553007       
105         -176305.98432091658      
107         -183201.07823731424      
114         -207035.07419780293      
113         -201617.37638751813      
117         -217908.15828259639      
115         -214797.98632395771      
109         -189814.16533785136      
105         -182821.13264441834      
98          -166295.28144132716      
101         -170254.74466294458      
106         -186613.14725084172      
114         -206213.32766750993      
117         -216203.04941471707      
115         -205583.78250993369      
113         -203839.32957567679      
117         -210496.45731433883      
119         -220438.93749472761      
110         -190107.851917708        
105         -179061.92629872583      
110         -195968.91638330198      
99          -159197.5944058501       
105         -167048.6836178184       
107         -176232.36534989587      
111         -191458.24003169505      
116         -212895.250303662        
107         -185923.41035876187      
107         -181928.1169365549       
109         -189310.23738165299      
100         -162172.96563340351      
96          -157645.22983584867      
100         -164238.49008972707      
109         -197285.7515111565       
99          -159962.86356773778      
105         -179475.51680036361      
109         -186718.31029945114      
102         -169975.54762239649      
106         -181907.01061129788      
94          -151131.87505561271      
86          -127689.13473621749      
82          -107834.81698412083      
82          -106908.99426748531      
67          -75618.023381544423      
68          -88098.384636320421      
75          -92893.764132581971      
68          -80653.232586011058      
67          -79754.308972378101      
74          -94604.031830460619      
69          -80127.461098092041      
72          -84766.4412848473        
62          -70652.804805467866      
69          -75508.832054132276      
60          -65747.266644199437      
57          -60159.424442273026      
57          -53394.535768229835      
59          -68129.625751448693      
52          -47443.402428876332      
53          -52625.3613484038        
53          -52077.853363835573      
52          -48073.533233120601      
51          -39788.559201272452      
36          -23680.980203553987      
38          -26116.802988026015      
32          -20384.975375043156      
35          -21777.37420539093       
30          -16787.675527597119      
26          -15869.758039143424      
29          -13859.779862078773      
35          -24694.953109076258      
35          -19899.851781609952      
34          -23635.332815686874      
33          -17556.603960820179      
16          -6672.9192913747793      
19          -10507.913274231305      
23          -11461.130537170144      
27          -17907.706887980999      
27          -22605.671492046844      
23          -13345.972101373529      
14          -2745.1413073834065      
20          -9980.9228838600193      
25          -7504.2230546779901      
31          -18188.056096324424      
37          -23188.034546062307      
41          -30841.997530257806      
55          -58197.359278671538      
65          -71238.010074662379      
67          -78634.437929222579      
73          -80628.889064203206      
66          -73008.037184984001      
64          -71752.040167282365      
65          -75937.90862492517       
65          -75784.71038830129       
57          -54160.463785636646      
57          -54914.456452874409      
58          -60282.593036109763      
58          -60207.804606614984      
67          -75674.79073024723       
67          -83707.483666232365      
70          -85508.556988365832      
58          -60091.286820122281      
60          -63513.103612529616      
57          -54224.345516572212      
62          -64556.051388462176      
66          -79874.897219930281      
72          -89543.402817133552      
77          -98370.124564777274      
82          -107344.33955115383      
89          -131270.62980028155      
104         -168286.22108823879      
99          -157147.11385974989      
102         -159176.87141598531      
107         -173111.72466530465      
99          -160104.552222119        
103         -172240.71123062458      
107         -183905.64334288871      
97          -152701.74925255278      
102         -160016.24049598552      
101         -162780.81556803701      
98          -150013.65333735122      
101         -158496.98806340629      
108         -183245.36141218094      
100         -158520.36553416052      
104         -175848.53189817892      
104         -169940.20650652645      
105         -174171.93721686621      
104         -180279.0773090185       
101         -166551.18136723316      
101         -162530.88857121515      
102         -171607.21237416257      
107         -176584.48327244929      
99          -156181.08766868201      
98          -150414.13732132656      
94          -148093.45763087622      
90          -139594.08354487651      
93          -147011.14685807959      
103         -171612.86758830544      
100         -164328.83280699284      
110         -189623.96332013188      
111         -184959.02270666455      
101         -165882.12368876312      
96          -152203.90312494637      
102         -159064.31597868731      
97          -148838.88906032059      
99          -155578.45834829455      
99          -154408.23893024278      
92          -136880.02041357875      
79          -107165.87779132619      
74          -98682.487352939905      
72          -91750.325372747422      
56          -56444.245039681897      
60          -67967.715445987473      
60          -62403.149580328733      
50          -46640.670796516744      
53          -45881.500545081042      
59          -58008.65734567224       
67          -72268.084348355114      
71          -77654.25973586498       
73          -88685.999931365601      
67          -85065.836322659772      
57          -63439.089588778996      
58          -53255.319457553545      
46          -33922.220592416641      
58          -65653.224196680458      
66          -80734.546645412775      
82          -113556.23072157141      
81          -107183.97291200931      
77          -105262.75538947314      
86          -116795.28845427025      
95          -143438.13767958895      
89          -127989.47268548756      
84          -123919.79779376234      
88          -127220.27189103604      
82          -115317.18638367853      
83          -117938.00672555697      
92          -138602.67462839306      
84          -116368.22166489938      
85          -118008.66086123799      
93          -139123.55814116227      
95          -144060.13867591321      
93          -143546.49447646289      
85          -121202.63481114966      
88          -120691.55227489221      
93          -134946.45454416031      
79          -105175.47182504345      
87          -120222.96483464244      
79          -104270.94516169302      
64          -70882.741493538881      
68          -82110.965224081388      
67          -79062.54552280916       
78          -104184.35102896106      
71          -90067.231723124074      
69          -86794.088445440575      
66          -88697.694887187303      
65          -75551.74921972907       
62          -71779.467866131759      
57          -60209.176861605069      
53          -48293.67678052478       
61          -60213.564581912746      
49          -45886.610677037723      
48          -46762.711564202866      
43          -29877.184860266454      
42          -31947.503355132987      
42          -35425.222928137817      
37          -28826.383809675961      
33          -23817.290215733996      
32          -19440.169342061577      
29          -15186.218074721102      
31          -19881.957889444504      
35          -26102.297866263845      
32          -21732.011922837002      
25          -11019.851084946211      
24          -10499.127929626451      
27          -13537.614129070034      
20          -6464.4939208897049      
35          -19918.833373298792      
23          -9441.3699281146419      
22          -15018.80301968719       
24          -11542.329110424629      
25          -15434.141223243398      
18          -7262.2581938833528      
17          -5509.5615620925892      
29          -18037.458497935         
29          -20170.041124601015      
20          -14673.550545025815      
30          -19841.188263296914      
35          -26361.329511308155      
23          -15280.217208022346      
34          -24028.54064034055       
28          -11851.5664498811        
33          -20456.334047750206      
26          -15194.760118293905      
40          -30509.484003630991      
33          -20147.635033135921      
41          -25606.699696192543      
48          -47499.76344381729       
40          -28498.789359449751      
53          -49310.907213543447      
50          -39825.099627599709      
43          -33826.874981910842      
47          -39747.559170294218      
53          -59417.186273836538      
55          -57426.165487245882      
48          -45421.900240121977      
52          -50207.423033218736      
49          -47905.009071190965      
56          -64425.967116376611      
57          -55207.737590325771      
54          -52716.775338009837      
57          -52048.272919107185      
50          -41855.659443734185      
51          -40439.659837588377      
68          -78859.311841581977      
67          -76569.067484056694      
61          -73697.504533824744      
63          -81491.109831779191      
61          -76673.310304973231      
57          -58819.511801145258      
55          -53923.289202363827      
60          -68211.371330135822      
61          -70165.203537381574      
45          -38371.950867090898      
36          -29409.948738902287      
43          -44751.629884254413      
42          -39567.519654892902      
50          -47081.111196092221      
50          -39925.401701289113      
51          -38923.573545277162      
48          -36451.890740449053      
53          -43842.393553834583      
48          -40141.39946455913       
49          -44495.548897835746      
41          -31460.050599514674      
32          -21917.895893924073      
24          -9550.1671118745471      
23          -12952.69726247725       
22          -8353.8879936318044      
25          -11366.742575762775      
26          -9312.4737051669254      
23          -9418.8299239285152      
21          -7584.4905089064578      
19          -5064.8227038511213      
16          -3387.5748401268202      
22          -9629.7565059293775      
39          -24682.035639600341      
26          -12764.098882071761      
31          -14531.961713421699      
29          -13561.538132016005      
25          -12883.517811344342      
21          -7262.369024382916       
17          -7265.0833300733975      
24          -10586.529120034498      
33          -18742.673224451155      
34          -25765.036165914571      
41          -33466.46919762186       
33          -20840.41385776909       
27          -13519.341109847597      
13          -6176.5208860035445      
21          -10508.381228238746      
21          -5252.0581610107756      
28          -12444.092125898498      
23          -9867.0092796947629      
17          -5654.7614388910297      
18          -7694.1120275060412      
27          -12163.199579070037      
20          -4859.0758003754854      
20          -6014.1099374334972      
15          -3813.287633968288       
19          -3357.1450072396592      
21          -10837.499070200434      
34          -18786.057539031848      
31          -20798.456406191515      
35          -30034.237690054455      
44          -30815.231124139125      
22          -15972.549560777452      
21          -8544.6956901082995      
9           -544.78150664949237      
24          -10344.568539476186      
31          -13302.084713486285      
24          -11579.939862121744      
22          -6681.9925070376394      
20          -8573.5825142729518      
20          -3638.4543260284731      
22          -7352.7186620802204      
12          -1882.8494926760018      
19          -7554.7373198818959      
14          -1914.2669600848776      
14          -3055.0982044016559      
17          -6369.6230389300335      
19          -5923.5006648220369      
21          -6191.1544830090988      
34          -22608.916168768104      
27          -16152.884199951162      
34          -22915.010604034804      
31          -21717.650813532906      
33          -26203.037318343955      
36          -24821.21107476925       
42          -33315.817275054142      
47          -43662.861199562714      
29          -20113.7953649628        
47          -41176.879091559946      
44          -36496.695701679477      
42          -35789.452911236323      
53          -46931.475159534966      
54          -53209.827427993085      
54          -51723.340457639308      
65          -73279.019767038742      
65          -73677.223435316686      
62          -71637.396316254133      
58          -68542.207562056807      
69          -80542.85320906734       
72          -77990.198950198494      
76          -95747.676197068213      
74          -91634.897866471249      
77          -105636.39103683588      
80          -109389.6421813589       
95          -144211.58787958816      
101         -168087.63771618833      
102         -170792.34562132583      
97          -152829.72616457957      
95          -152091.00166998751      
97          -149825.41361560248      
106         -174086.76559041941      
100         -159632.64962313842      
100         -163126.4499496209       
85          -127370.16102765272      
76          -109062.43017612195      
77          -100554.45995767813      
72          -92584.626176239952      
79          -99276.087263026595      
81          -103901.41174264198      
84          -108169.10019777316      
90          -135023.45945076711      
96          -149762.25610135042      
105         -174908.25035484019      
102         -168453.23041646963      
105         -176347.62257793199      
103         -168115.29165127856      
104         -173320.44269339985      
111         -199776.01468239314      
113         -208973.95465452227      
113         -206852.19542053679      
107         -187224.35141416269      
119         -220749.9126851137       
121         -223259.9122838992       
119         -216341.22689444025      
124         -239245.14903600549      
123         -233185.54689862224      
113         -198707.02082261106      
116         -209202.66092893668      
114         -205881.83553318892      
104         -175995.4247367779       
104         -177147.81580193312      
108         -190148.99556911364      
110         -198463.6204344054       
106         -177734.1272751939       
110         -190684.31814292941      
104         -171376.83910451771      
108         -181507.87829350296      
106         -177272.95562761926      
105         -169499.01075983964      
96          -143295.31049941128      
77          -91125.964668509841      
81          -101852.32876118582      
86          -115512.45494052069      
84          -106759.68909487202      
95          -137742.18612056511      
87          -116445.8065771683       
87          -116068.38758894011      
91          -128921.83436481944      
90          -127134.85106880974      
93          -135598.29071432803      
89          -128357.31271989118      
97          -157232.58254361438      
100         -160608.55312356772      
105         -178347.14816186286      
107         -185093.0014057201       
112         -199682.26206900383      
107         -184366.41614477575      
107         -178627.03731517476      
104         -169738.78601498157      
100         -160317.61098150577      
103         -173595.32243384008      
83          -117818.08142275637      
95          -145441.51495300379      
101         -166722.7756418247       
105         -180622.04416074971      
106         -184901.08454235291      
100         -165407.49464339754      
104         -179525.91044076649      
101         -171491.74764352344      
107         -187857.14894044475      
111         -194882.60603156465      
104         -173821.86259636102      
112         -197100.12613908525      
116         -214692.63993133159      
115         -210952.11077993421      
121         -237366.65767343983      
115         -222226.27055380144      
117         -223964.53137494015      
119         -232253.38322071405      
128         -270714.69717077352      
126         -256174.33198122121      
128         -269168.5562388472       
126         -256280.12798800139      
124         -252705.00738983287      
121         -246875.52215467958      
105         -199456.86954529679      
108         -197579.57355242799      
105         -184596.09617333871      
107         -183586.98847813025      
107         -185432.74604127332      
101         -161635.73068208509      
107         -179474.92360222069      
105         -174316.33992357409      
94          -142975.65284959998      
84          -109864.49374775711      
74          -91702.634088277657      
54          -49370.133456160198      
47          -35697.827454617516      
36          -27244.513984525063      
45          -33567.437720978567      
50          -49282.45524269926       
58          -57765.381937924787      
59          -58225.545591970491      
46          -34430.994509612741      
36          -28078.887260852527      
31          -23957.488374914057      
29          -19366.904546754966      
27          -14355.474281690978      
28          -11559.205599299556      
22          -7613.2701513367529      
26          -15158.846231221554      
27          -12522.636177098388      
27          -13931.848750075034      
24          -10959.979654017548      
19          -5223.0012808395486      
18          -2961.580388809552       
16          -4476.576039297237       
25          -9901.1500578804862      
22          -8090.2835227246505      
18          -7183.4806407963388      
21          -9273.5478450923183      
35          -20253.228953901002      
31          -18816.188434216336      
29          -17909.198148350675      
22          -10416.2699239578        
21          -6586.3229025110395      
25          -13582.414830696867      
35          -21727.151676564794      
34          -26384.248588220285      
34          -21617.764911608509      
33          -20366.933812712447      
42          -25056.979858045146      
41          -32762.029615054882      
31          -20610.463790616079      
43          -32090.778883641146      
47          -39035.168043243648      
51          -54621.040102509571      
37          -28578.092750918979      
41          -36342.607029722807      
45          -40307.495284230667      
39          -25451.43107006279       
47          -41013.745140063489      
57          -65294.360395399286      
47          -43205.808662856842      
47          -35453.910135347927      
45          -36707.643002973273      
48          -37384.758262889656      
39          -31517.426013385804      
47          -42863.941251752192      
42          -33855.842152252008      
45          -35134.501890687192      
51          -40341.93977119997       
54          -48387.437542938031      
50          -48732.72032220714       
49          -47020.978838707299      
46          -43275.835503970899      
41          -36744.001649193728      
47          -36684.965081626222      
46          -36893.44130055057       
41          -30381.901473539205      
56          -55146.381710617745      
38          -29137.701671588104      
47          -37618.779288776823      
38          -22247.590618429909      
20          -7377.4940749029529      
27          -10832.669755130059      
33          -19440.439836566205      
26          -15058.937141610344      
31          -19023.112470281161      
24          -12231.869487272807      
23          -7918.1538199800179      
35          -21524.113732079757      
29          -19439.419626938037      
41          -31505.024726381398      
32          -22924.155153661206      
22          -10169.384838650682      
30          -18510.84274489346       
37          -26640.776874148429      
31          -19999.835877707097      
33          -19567.843055014346      
35          -25098.671321379123      
21          -15143.250122638145      
24          -9999.0396699415232      
26          -9432.9978397770155      
38          -25115.486258975165      
39          -30596.634754840332      
45          -32779.046065030161      
38          -22146.461862268778      
32          -20628.334243669546      
28          -15243.289448004924      
35          -18421.617497032446      
36          -28306.321544527571      
47          -38409.577553211937      
35          -26342.885391732987      
36          -23903.051159275201      
30          -13346.962673176502      
27          -11503.357452655322      
17          -6159.2159180633644      
23          -9915.4950069027618      
39          -26609.101914360905      
47          -39357.651403476222      
46          -36271.516041530529      
37          -21136.771559460576      
42          -34682.491322183072      
39          -32965.646418049131      
58          -56224.495670214332      
64          -69073.725730824983      
57          -64968.816082106037      
56          -59538.600835677367      
51          -56866.555089377282      
58          -65557.501971750782      
44          -29251.195155501242      
46          -37343.39154869855       
26          -11189.580185088418      
24          -14836.901480901397      
25          -13141.118312419543      
28          -13161.841015929247      
24          -10120.616496587474      
33          -25199.479032776231      
18          -7588.8712947228487      
30          -15173.146921483451      
24          -12747.762884335596      
22          -13222.283565446151      
23          -15119.21957058234       
27          -12341.580422440569      
13          -3345.9091356676245      
18          -6310.5072585644102      
26          -14817.099221343242      
29          -17326.790641304884      
32          -20517.531812981651      
35          -24523.635766190975      
41          -24539.205006881755      
37          -26801.774603680307      
26          -12171.156465153637      
30          -14731.34843111497       
25          -15319.591752264918      
18          -5309.9489060186834      
26          -10825.682744055766      
23          -11145.669212961815      
32          -18362.043938229748      
24          -14704.301953120803      
24          -8310.4517796159125      
25          -9252.1795446560791      
26          -10656.150496614755      
32          -18648.280584964959      
17          -5742.3354343154915      
20          -8865.7401874313382      
30          -16858.446687216252      
29          -17361.602260901782      
23          -7628.688032654587       
27          -11037.102186836564      
24          -9501.3375687485423      
25          -15036.847819197632      
32          -17088.14600251093       
43          -32944.45927098523       
43          -33232.261964998674      
39          -29989.398429515546      
36          -20669.411204169563      
39          -22830.147955150645      
27          -10978.989039341399      
20          -10882.627100840473      
21          -12582.154656495155      
16          -5277.2687186157091      
17          -6772.1127021391721      
24          -11431.188756230222      
23          -9201.1029052562917      
33          -20303.910966664502      
25          -9284.2512651407196      
24          -9725.3133382775886      
15          -3895.5276376936667      
14          -3030.7515879847347      
13          -3254.2182014767259      
19          -9065.1278372729648      
24          -9653.5188597152301      
26          -13493.468957609568      
22          -8188.3034700864246      
24          -10779.849903233742      
23          -10472.78611949359       
21          -7992.941530736307       
12          -2042.3263208696999      
26          -11216.120813048756      
33          -17057.692604088064      
21          -9334.9024690321876      
29          -18853.391271137039      
35          -24616.609634577264      
23          -8757.7370545380909      
19          -11035.873220289346      
28          -13358.73482814526       
41          -29055.358940387734      
42          -31507.050559439849      
33          -25701.263278776802      
39          -27684.084431046685      
38          -24736.517533519367      
44          -36302.808883450889      
43          -33062.923451582181      
34          -30143.080589105004      
21          -5671.6876841588437      
33          -16799.636802073877      
28          -14491.326249859507      
30          -18314.981062843272      
39          -24958.591212837651      
36          -21845.235640358547      
39          -25943.064282661657      
40          -26069.154169824516      
28          -16997.525046497103      
30          -19698.743669771         
21          -9317.6538372445702      
30          -16469.737724659302      
26          -8513.6197879139327      
21          -8409.0233051300456      
23          -7552.5483866916693      
35          -15919.420131670717      
37          -24222.695035259228      
37          -17606.32153761874       
38          -26008.686682435597      
43          -26528.471030997509      
40          -28199.558026836596      
36          -22571.812905731167      
26          -12768.174684181628      
38          -23058.768670464782      
34          -25246.282308499423      
39          -32352.242146352735      
43          -37537.12982056287       
52          -51373.048491838017      
60          -53757.915927190916      
56          -54431.328107684465      
47          -42050.021149753586      
30          -16501.01379246026       
25          -11406.557025444066      
27          -14336.621699508407      
28          -15949.304576831246      
35          -26429.979823212674      
38          -27457.875999073887      
42          -38121.982974740982      
30          -15176.642934543097      
23          -7117.4227889630238      
20          -3461.6744531283316      
22          -8522.0451168991858      
26          -14641.914200938882      
33          -19839.412853614573      
37          -20554.535636779914      
43          -30816.40033792195       
42          -34254.692391901895      
40          -33850.819204129381      
41          -38651.01513657238       
40          -33019.680863756003      
43          -30470.07393054818       
51          -44620.860944842221      
47          -44595.339558827487      
53          -51662.170965296951      
45          -42264.70170413248       
53          -56527.494878433463      
52          -49697.992555561155      
54          -58091.380595921146      
44          -42967.250662816208      
46          -39908.711367867261      
57          -55682.342916868722      
61          -61558.789797999954      
79          -98167.899200522152      
75          -90058.757623516067      
72          -85606.146484604556      
72          -90277.800897092529      
68          -86741.9634868539        
68          -87410.712108482665      
79          -101864.31391170957      
73          -90662.737793765904      
64          -67113.802747007852      
51          -49599.840266612759      
43          -34908.743997808546      
45          -41683.463580901327      
39          -31421.058571311296      
47          -33478.31954974735       
53          -45717.600835566336      
65          -68010.220881543297      
60          -55622.172590141337      
60          -63082.349233977591      
59          -67914.845491373097      
67          -89149.101446849716      
63          -78780.630710997211      
55          -65149.849686248985      
61          -72704.023817577952      
55          -52790.225052815251      
56          -63418.784161260068      
58          -69498.125234021252      
52          -55659.467474387122      
52          -52700.435278450248      
43          -39986.480450157724      
64          -67633.261349022752      
72          -81851.799651636         
76          -93552.210313336647      
79          -98771.766105925664      
66          -78267.712881662825      
63          -69804.518098705579      
68          -79445.937568258756      
76          -94505.369042865335      
68          -80252.233405567851      
70          -80282.165696035067      
65          -75292.12680945429       
67          -77224.147505366374      
67          -68056.350112020766      
70          -75994.187811094016      
73          -90809.14514565155       
73          -98056.640927431348      
77          -112011.64894930375      
82          -124290.53338139536      
76          -116254.8199200836       
79          -128254.33349013358      
74          -113585.21469991977      
91          -157664.53857261286      
97          -173494.13240163008      
99          -169799.2230675795       
102         -176310.10660127949      
103         -170941.05206446027      
107         -180240.00794124775      
101         -165478.86037203652      
103         -174102.75057548925      
107         -183739.37062691231      
106         -183291.87342671366      
98          -155710.89362387481      
109         -186584.09470626852      
106         -181585.62481749483      
99          -161903.85952275677      
105         -179349.35871921596      
104         -170824.75733021941      
101         -156687.18547500335      
99          -150782.73757062614      
92          -136837.47355846193      
90          -133541.45527792088      
82          -109689.93839257731      
79          -105279.62150487906      
66          -73195.437845392793      
69          -78821.194260673103      
70          -82440.289290405271      
71          -90790.658188076777      
63          -70860.489518278424      
68          -80208.223531700176      
60          -60755.354698379015      
73          -86730.554310188396      
67          -79893.394490393417      
66          -74138.631984330263      
59          -58892.962209372941      
50          -45090.300302160598      
44          -37899.520003227328      
32          -21853.075568320925      
35          -24306.200765617661      
36          -26748.704231648328      
25          -15379.817288281552      
30          -18570.806481322452      
22          -8163.5601054679073      
26          -12399.231074115534      
28          -13566.70246367342       
15          -3924.3070820880712      
24          -11448.450493164124      
30          -14985.774797535078      
39          -25962.598987880723      
38          -28503.150905507511      
33          -22603.410479638256      
28          -13543.133731922317      
23          -6464.5299137031552      
24          -9196.8649570341622      
19          -5859.0612977654246      
25          -9848.0289378522102      
36          -21029.413858944357      
26          -10986.036164571511      
30          -19808.871693083922      
19          -8369.420467139571       
22          -7510.9593730583101      
19          -7737.7774626391374      
31          -15191.965315632066      
29          -19226.319525765448      
22          -9707.0673738825244      
32          -15267.316326866316      
29          -10779.778495429613      
25          -9609.7072670551479      
35          -23134.864462869929      
30          -14404.29822072963       
24          -11969.464078314046      
26          -14712.059488494078      
27          -14659.813211707686      
30          -16834.373030141753      
45          -32776.738741731446      
34          -23760.430378839235      
43          -30019.031498659744      
44          -31822.971870881829      
37          -24613.822266430914      
36          -28943.176896311954      
39          -34889.712623845029      
39          -31883.34861697493       
43          -31187.587399608976      
51          -53116.064290434741      
46          -40870.645964623975      
49          -39518.678311901596      
46          -37965.196828597829      
54          -55027.6300629295        
52          -51440.640147390281      
66          -72528.420141253984      
72          -76573.973714398657      
61          -54908.825454457736      
66          -70140.504146819731      
60          -64287.128027721745      
68          -80848.377457255148      
74          -89461.539197965889      
71          -87487.029296909372      
64          -74759.520797351157      
76          -106682.5835827899       
83          -117449.22284318336      
85          -127347.14089526118      
81          -111522.00309054396      
76          -95210.113188559655      
81          -114765.44630009151      
70          -88661.039903279277      
76          -100343.79611321658      
72          -90306.618418345344      
81          -111972.62672740329      
84          -123292.21546656592      
84          -117918.54628466839      
82          -110373.89357320886      
79          -100436.88957673231      
86          -127771.64141728925      
84          -119334.8006455541       
98          -161270.04543872169      
87          -121383.72177915346      
87          -115539.01621346259      
84          -119501.79228082806      
84          -118672.62418386285      
81          -106794.83064222068      
80          -104259.46754713841      
71          -88278.793336575836      
75          -98085.809409167836      
74          -90026.320986727485      
68          -79402.370325496871      
69          -74643.549696264512      
78          -100676.79806085007      
85          -114830.50572260948      
85          -114247.68282699051      
84          -113197.08361400974      
77          -95205.051930263013      
76          -91734.399069829698      
71          -82371.703292565624      
72          -100624.18877259352      
77          -96430.968779914096      
76          -94778.976115524827      
74          -90635.308746124982      
68          -81769.219711244485      
67          -77200.177374708524      
63          -65108.45067041368       
62          -61030.643746884765      
60          -62082.614039743719      
59          -56069.042777221279      
48          -40894.933147216063      
46          -34768.47885789282       
43          -36483.902926471237      
46          -37636.008632052333      
45          -34500.929784296917      
37          -20611.889319856877      
41          -27335.050770397003      
44          -30717.894411698398      
