480 1 -3250 35 35 35
172         -485871.94295843551      
172         -485655.27534991654      
169         -472605.33681609004      
169         -471492.54699950496      
169         -475440.10278527212      
167         -464117.60357026878      
166         -455672.63027739001      
169         -472203.81021969469      
170         -483451.68826143333      
171         -487463.6237572676       
171         -484588.88236823748      
168         -472782.08127671579      
169         -479710.95749957347      
168         -476361.01849398279      
169         -480484.67470245488      
169         -480667.32165831036      
169         -483079.28096513724      
169         -480444.18994379329      
170         -486937.29135951307      
169         -481941.43769334501      
170         -488219.48695714073      
171         -495400.57665020548      
171         -491518.79079911206      
170         -486414.3430043913       
169         -482228.59598362487      
168         -477278.73603838607      
169         -480209.47524738236      
169         -481005.43314396933      
169         -481145.55666460685      
167         -474860.0878874709       
167         -469813.81483694742      
171         -488834.45347631723      
172         -493034.90847202699      
172         -495764.54577609611      
170         -482341.78310174838      
170         -482266.38873701257      
169         -475886.76734118332      
169         -474853.57256555901      
169         -472693.75493061775      
170         -474873.86711797951      
168         -469285.33801937912      
169         -469274.17234930402      
167         -458753.14450808085      
168         -459026.74038519303      
171         -473943.60318401188      
171         -475904.45508169994      
170         -472100.88454815414      
170         -474702.01677777612      
168         -466480.47838883422      
167         -463075.95198600384      
164         -452656.35625682387      
167         -464759.7768785673       
166         -461402.99431896338      
165         -454625.09178358974      
166         -461242.82200619695      
168         -465448.1170599765       
169         -472173.82713430689      
168         -464172.17405151809      
168         -469504.55462394521      
169         -474589.67575165979      
166         -468031.7078953872       
168         -477921.47285165871      
170         -487650.49222180777      
171         -491091.37970665167      
173         -503526.31405615021      
171         -493601.68617053534      
170         -490978.68973283801      
170         -488229.2990806069       
169         -483662.73069234344      
171         -490421.74888606055      
171         -490517.68185921147      
172         -493158.58878202696      
171         -486317.3142074963       
170         -483081.79267171252      
171         -487180.73280665284      
170         -480440.08780117729      
170         -478419.95449337107      
169         -479334.83795704873      
168         -474160.56721421471      
169         -474671.53203603567      
170         -477614.01147087303      
167         -463743.5666168101       
164         -453305.60211436334      
166         -462630.17206022074      
168         -471831.51721321553      
170         -478534.1947798226       
171         -483922.53779983381      
171         -479574.50165143446      
171         -479442.68399298319      
170         -474574.03819939296      
169         -475903.05242843053      
169         -475446.68763990619      
167         -465465.32460152014      
167         -464409.07990345138      
168         -465057.42374349589      
166         -459531.31389447628      
165         -457136.08659412747      
170         -478651.76013938809      
169         -470561.12753253238      
167         -462315.60356253252      
167         -464766.37794044067      
168         -469280.27134875697      
169         -474583.71334720467      
169         -475196.18989462766      
168         -468879.45740275737      
170         -475575.4713770157       
170         -475460.2647722828       
170         -475220.70613693906      
169         -475159.73183357896      
172         -486373.33317104948      
169         -469789.02658685681      
171         -482467.97986456979      
171         -486453.96749168792      
171         -487100.0515964856       
171         -487113.23290484247      
171         -491013.16428216721      
174         -506589.94969633635      
172         -502543.73618804425      
172         -504214.01963452058      
171         -498930.32545958867      
171         -496997.13809412281      
172         -501891.74912832293      
172         -500235.98265110917      
171         -495924.6531787964       
171         -493842.80242703826      
170         -485320.39017974457      
168         -479078.82490539207      
168         -477091.50489022059      
167         -470446.00963001174      
168         -473609.90266923147      
167         -468622.59069345845      
167         -473495.78674451384      
170         -488787.56502121338      
166         -467587.64097929641      
168         -480250.8447001233       
167         -476382.1992778175       
164         -460982.81438050052      
164         -460904.08875719731      
163         -455775.31357259769      
163         -453846.62810188992      
162         -448935.82036028983      
164         -457888.67962264869      
164         -453317.24562750431      
167         -466280.04462646646      
169         -477817.96850722871      
168         -472789.92246836616      
169         -480027.06908131373      
169         -480445.64277403237      
170         -486866.4993894276       
170         -485726.27875169518      
168         -474576.9334316118       
169         -477007.59269762557      
171         -486909.2109310485       
168         -470153.15827648289      
168         -468371.66659389413      
169         -474839.33926975855      
170         -480153.11046397896      
169         -475753.26748703141      
168         -471239.64677754097      
169         -475733.77397541801      
170         -477840.32649635221      
170         -474602.9409887637       
170         -478775.71755036199      
168         -470665.54402633337      
168         -473503.16551921796      
170         -482126.50711904315      
170         -482653.07555800944      
169         -479280.3672944752       
170         -482896.26650219766      
169         -477709.10312896315      
170         -484647.31651769852      
171         -487637.36430094932      
171         -487575.2579249898       
170         -484539.90780155436      
171         -491430.0076734043       
171         -491917.88472707907      
171         -490900.33441661653      
171         -488503.76581673743      
170         -480551.68471160321      
170         -480260.18247048417      
169         -478218.57161861594      
171         -484358.81591638841      
171         -483763.26920777583      
167         -460882.37929572997      
168         -462775.09360216971      
168         -463492.90811228543      
167         -464228.73089901608      
168         -469692.67624441726      
167         -465082.68286675221      
168         -465837.16293457337      
167         -459381.41103475704      
167         -457939.69907106541      
169         -468066.71511780727      
168         -464020.40304292814      
166         -456152.87720832007      
168         -468678.31580750359      
167         -469340.73245398735      
168         -471817.5631517077       
167         -466083.90488648752      
166         -460724.98679947737      
164         -449852.3960929446       
166         -464293.26399202738      
167         -474308.14935156179      
166         -467905.88120462594      
165         -463282.76192338992      
167         -468280.31227699603      
167         -465210.51932223188      
168         -468298.01325618813      
168         -467599.45060272393      
170         -476102.29822749912      
170         -476007.54798086669      
170         -478189.22638071328      
169         -473178.36638617591      
168         -469069.42329862277      
168         -466248.20793962746      
165         -448547.5005940891       
166         -452177.2565393945       
165         -445399.296917325        
166         -448100.61770502105      
167         -453853.61829742609      
167         -456612.11273449089      
166         -452366.37254956516      
162         -434274.93951930577      
164         -440358.09438604466      
164         -442711.55202652508      
166         -452735.83445178939      
165         -447376.06869259389      
166         -454305.21268390887      
166         -451508.33574784792      
163         -440595.28635493811      
165         -453260.71582587063      
166         -461025.36625248007      
168         -466869.47487418453      
168         -463806.3640329506       
167         -460883.67334553081      
169         -472130.6745864866       
168         -462476.23364683479      
166         -454641.01326052786      
168         -463319.58128596476      
169         -466959.1036336337       
168         -462337.11143717018      
169         -465396.16950041865      
166         -450863.91302908829      
165         -444995.12010861241      
165         -446701.56886294379      
166         -451283.00008153857      
166         -452307.74870349886      
168         -462285.95693134982      
168         -465386.24988465413      
168         -464182.86488975008      
167         -454333.9728754313       
161         -425014.25430492335      
164         -437239.43022467999      
163         -435053.02602229756      
167         -451987.571035309        
166         -453940.1278290886       
164         -444455.03547303571      
166         -454059.31437729148      
166         -454507.29732593114      
166         -453928.01339601271      
168         -461544.99372587958      
166         -454237.36233715108      
165         -448800.56752221548      
164         -444916.16253975837      
166         -460107.04530852986      
166         -458570.50184513512      
165         -455982.33507025905      
166         -462729.10246804729      
165         -462370.34919653955      
165         -458643.67739354889      
165         -455079.02337777562      
167         -462372.93901927146      
169         -470075.95068182226      
168         -465349.04205941455      
167         -461026.40659004403      
167         -461890.46990780096      
166         -453330.79865273717      
170         -476585.16532422585      
169         -472027.50733741053      
166         -460951.05151951825      
166         -461185.90070756548      
166         -461349.73961184383      
167         -463312.17190297961      
170         -474296.75222036132      
168         -464124.45177672576      
169         -465580.6097083402       
170         -473896.67247447191      
170         -474383.2116877308       
171         -478406.78762627789      
170         -476343.66383401206      
169         -473056.89198334195      
170         -480881.45584823692      
170         -481903.01610354421      
170         -479842.29250364559      
168         -468746.75824778847      
167         -466427.43619414617      
166         -467108.50876023865      
165         -458320.24801421689      
164         -450065.05450923188      
164         -447148.92130639643      
161         -440006.87948338618      
162         -440973.12184147409      
162         -442812.23774465453      
163         -445203.77963473072      
164         -449879.49743956834      
166         -457155.08039998636      
165         -453794.41089009162      
166         -459807.75039817498      
167         -463079.39371138823      
166         -457634.83161376033      
167         -459902.93899857183      
166         -460891.32303937699      
167         -463640.22031824733      
167         -464556.71712922922      
167         -462710.89050265576      
168         -470596.81869348447      
168         -471582.89976025122      
167         -468034.27856261557      
167         -465330.86881711514      
168         -474431.37533843471      
168         -474713.65974351234      
166         -460384.01008258248      
167         -462396.70290191303      
166         -458361.94822191261      
165         -458921.73345235985      
167         -468170.44118414499      
167         -464659.84412215883      
167         -466097.12306561985      
167         -464948.49486832868      
166         -461711.90305653075      
167         -468208.30214405071      
168         -471817.84956469084      
168         -470498.46042418113      
170         -474358.90703223768      
169         -469854.90987287066      
169         -470974.85138632695      
168         -469908.7618191457       
170         -480203.75410961511      
169         -477817.03608123894      
169         -478856.65688265389      
169         -476534.59957016574      
168         -472176.16198034008      
171         -487557.3457429767       
171         -484634.8583796898       
172         -489396.36863452068      
172         -488683.62879489164      
172         -492785.17808065342      
171         -487994.28126744489      
173         -494114.1744005144       
173         -497077.68092914968      
171         -488074.96286350337      
171         -488938.17467983655      
169         -477441.67348546832      
169         -477467.19760497229      
169         -474381.60167921445      
168         -469042.74682244589      
170         -473138.28195744462      
170         -479906.97684368264      
168         -473713.90677665517      
167         -470461.21426228242      
167         -468238.30358179205      
168         -473164.74689950596      
169         -475115.62681513978      
171         -485071.58953669993      
171         -482853.70887988887      
170         -473664.56000846415      
171         -483855.4752000859       
169         -476775.17627520143      
169         -473027.99712784786      
170         -476298.25381631032      
170         -474347.98503294116      
171         -476859.60002284421      
172         -476528.58955043933      
172         -478391.8580134394       
171         -478443.01634271862      
169         -474953.54956742458      
168         -472857.67523676204      
168         -474302.17445279885      
169         -476130.95422906044      
169         -473312.08416534594      
168         -471498.94069978478      
167         -465861.27294488123      
168         -466701.19573012722      
168         -466197.60225641984      
168         -467668.70748109504      
167         -463387.78583612473      
167         -465462.89076918678      
166         -460521.82740904461      
168         -469951.71466322866      
170         -481563.41772153898      
169         -475181.63469484466      
167         -465599.25753818662      
167         -467169.91400963836      
167         -467899.5222320832       
165         -458427.2043100234       
167         -464933.94452536921      
167         -464354.36724266072      
170         -472099.17928993574      
170         -474792.49665032595      
170         -476193.85647180135      
167         -468049.13792498427      
168         -474275.7563266668       
169         -478503.51230310445      
171         -487191.82900387212      
170         -483255.03971235722      
170         -480392.0359477232       
169         -476621.76806390972      
168         -469325.69740854303      
171         -487486.77451073314      
169         -478460.30585674482      
167         -468253.18468727707      
168         -471849.09789318655      
168         -472489.5224156109       
167         -463795.93228246993      
168         -468269.84421114222      
168         -467488.34165311494      
166         -462725.90075060062      
167         -466410.08058764017      
168         -471935.29601876321      
168         -474003.61678608455      
169         -475277.89571941411      
168         -470018.59271106182      
168         -471723.43543351896      
169         -470353.55606682674      
167         -461175.31999767828      
169         -468618.31213323295      
167         -462132.25584345154      
167         -461341.88941425981      
165         -455833.30644816696      
166         -459458.0020205481       
167         -462470.58348274627      
166         -460676.36839130416      
168         -466003.54474499309      
168         -463720.78077406815      
168         -468567.63638962229      
168         -470379.80274935003      
168         -465640.01903155167      
168         -469343.60368972574      
169         -473962.3748042087       
169         -473446.07911668479      
168         -470823.61516611901      
168         -470354.16568098665      
169         -473203.73712510336      
168         -463872.50269623258      
168         -467993.42640360928      
169         -472242.19458399725      
168         -468034.16731376603      
167         -464471.83058108401      
168         -465462.66031478677      
168         -469572.95183615212      
172         -491735.78706640837      
170         -487709.33578290278      
170         -489204.46112133673      
172         -496833.31140900718      
172         -497734.5208596951       
170         -487137.96022002894      
168         -474283.7656969747       
169         -476987.03870137775      
170         -484931.2364796772       
170         -482847.30819559621      
171         -483995.38062571711      
171         -485700.69629310473      
171         -487443.08692128398      
170         -482062.05940734531      
170         -484098.13199241465      
170         -482477.31733412022      
170         -481671.18781916564      
171         -484353.59752001445      
171         -485590.73684574041      
172         -492858.08913705335      
171         -489658.16117607715      
171         -489174.58201407839      
170         -481815.46333974804      
170         -480520.23345345637      
169         -474889.32037698914      
170         -480081.86413441587      
170         -480914.13671398873      
169         -476875.80381824123      
169         -478979.03101102432      
169         -480722.56150642602      
167         -471858.93575504137      
169         -480467.64811465045      
169         -481954.04276393668      
171         -492556.99518630281      
170         -487284.306340457        
168         -474593.69096164318      
169         -478826.19128774508      
170         -482592.20948943915      
170         -485352.79910234862      
169         -481554.03197038645      
170         -487123.40176880138      
170         -486505.95144958672      
170         -490518.93744632031      
170         -487595.56697465177      
172         -490940.05764326139      
173         -499750.02703742962      
173         -499602.7942664065       
172         -498660.65318139037      
170         -485496.20283359598      
172         -492680.74345435417      
173         -499310.15294759144      
172         -492248.97505068046      
173         -498280.63305424718      
171         -487802.19361503085      
171         -488468.79347792472      
171         -487007.02355460182      
170         -480445.37280857848      
170         -478267.43490354024      
170         -477328.43426104641      
170         -476444.20703808789      
170         -477715.64547924703      
170         -477597.37229395687      
170         -481294.76266389055      
170         -478126.08066545695      
166         -460247.07661708246      
168         -469285.88679137145      
168         -469812.70016380749      
168         -470508.38309938204      
169         -471177.00893778028      
168         -465405.45635631116      
168         -466204.37812447699      
167         -461713.31674367789      
167         -461760.2700794444       
166         -459208.62872172531      
164         -445408.58513450593      
163         -436723.19205335487      
167         -452096.77213796525      
166         -448934.20663717424      
167         -455513.61856933421      
167         -456850.2226120226       
165         -448245.98301173362      
164         -440571.10438505153      
167         -453417.72536711022      
164         -442573.30557251512      
163         -434255.96471577184      
163         -437945.13930379081      
163         -436417.70048354776      
164         -442180.04163695354      
165         -448769.79774534889      
165         -447297.71244815673      
163         -434712.64030606736      
165         -444797.63801693992      
165         -443236.14735961286      
163         -436205.37072201772      
165         -443880.51178861124      
166         -450810.46936344926      
165         -448241.40864207997      
165         -445409.96308036492      
165         -441908.86320374266      
165         -445512.55617176794      
165         -447447.19251935603      
167         -458367.34360648389      
165         -448780.55825842387      
165         -444448.80747670605      
164         -445817.53247756674      
163         -439103.20688191405      
164         -445793.18333010731      
164         -440987.77985640924      
164         -440794.92321163119      
165         -446387.41665534704      
167         -454799.07381225465      
165         -444978.78324204736      
163         -438247.66703491635      
163         -435755.58819133718      
162         -433160.04909268953      
163         -438043.65267947852      
164         -442315.99372039858      
164         -441739.78401191375      
161         -436605.25652034831      
162         -440025.80637558369      
166         -457429.85269802425      
163         -438211.0509738737       
163         -435904.40198766836      
163         -435198.15860248072      
165         -443621.04407188267      
166         -449031.092364121        
165         -444788.68604730477      
164         -441975.52769079135      
164         -442734.7995713015       
165         -447099.23712869349      
165         -448669.34013958578      
166         -450654.21094572323      
165         -446380.97066854924      
164         -444526.93834786688      
163         -438068.04804780218      
162         -433195.82635032939      
163         -435767.35418836382      
163         -435166.55679035495      
163         -431205.17393737595      
163         -432697.41460373707      
164         -441024.73089090822      
163         -438969.37547572609      
164         -449254.23762519116      
166         -458190.74115831079      
164         -447889.79616945336      
166         -455286.34216390341      
165         -457585.15606201947      
166         -461428.33675908274      
168         -468613.45387883845      
167         -464469.91367817827      
166         -461173.45990580053      
166         -460404.5705454438       
166         -459532.98603651649      
165         -455660.82230151555      
163         -440299.18625093257      
164         -446386.9246976719       
163         -442652.24484884815      
163         -440823.14910290757      
163         -443916.21832518128      
163         -443419.71705392166      
163         -442330.58895405947      
164         -446828.93700804573      
163         -442439.19351891341      
165         -452586.72411186312      
166         -459339.05825754884      
164         -452717.37121712224      
166         -461071.06053521426      
166         -457516.57822385395      
167         -463746.16374746093      
167         -460100.14706040412      
167         -462188.08592542174      
167         -457719.1786792698       
167         -461577.01376588526      
166         -456790.92623423447      
165         -451648.04112850653      
166         -455690.24809354614      
165         -447160.97093651444      
162         -435297.6918610048       
163         -440480.34855133406      
164         -442706.34019053332      
167         -458027.7352128271       
168         -466145.97709747963      
170         -479917.09427195077      
170         -481048.67476899858      
170         -480899.31113283423      
169         -477303.33434999129      
167         -465407.2959191617       
168         -475431.58726864145      
167         -467886.65662826068      
167         -467266.32107737171      
167         -464952.40060230641      
167         -462412.44382137049      
169         -472370.54187978024      
170         -473000.28374973917      
170         -473697.97957510094      
169         -465626.16837930848      
170         -474755.26827365271      
172         -488731.58087319671      
172         -488051.43783561006      
169         -479446.32822874957      
170         -478872.55471170129      
170         -478011.6189279533       
170         -478079.83723785635      
169         -472358.78149173292      
169         -475081.16919726145      
169         -472155.05601394671      
169         -471962.7022116853       
170         -475632.98763823515      
170         -482945.95780990971      
170         -486069.235414817        
172         -493733.05633395974      
172         -492363.94169435714      
173         -498442.20818010921      
173         -499384.64190283208      
173         -498047.12035113445      
173         -499087.18253612454      
172         -495351.56307809107      
172         -491635.83551640972      
174         -501261.58361110563      
172         -486954.70814211958      
168         -472282.41696437163      
170         -475140.29027839762      
170         -477712.63304283307      
169         -474910.32335606375      
170         -482977.03093292291      
171         -487477.52480773011      
171         -484921.55140145938      
173         -498072.10885164887      
174         -504285.8708425212       
175         -511294.1125018358       
175         -512152.43954274728      
174         -505894.87998551602      
175         -509493.24783878349      
174         -505699.235751311        
173         -502935.20962853357      
174         -506862.15944161674      
175         -511463.10287221865      
173         -500232.92882921902      
173         -500942.24204014876      
174         -504203.46267326851      
173         -497707.89539663563      
172         -492104.27087248763      
171         -491580.03806531313      
171         -493865.77060712944      
167         -476276.15547236294      
167         -473909.73188873538      
165         -463279.4886087476       
168         -474525.24586322071      
168         -474604.85631759558      
166         -463322.98678755842      
165         -457375.98430766317      
167         -463901.2495356276       
168         -470439.06071782543      
167         -466424.78682999563      
167         -465571.14399931504      
167         -468922.59633788432      
168         -476723.72292221908      
169         -477389.9773145261       
168         -472421.14348996175      
169         -476570.16290100489      
169         -475101.10903075803      
170         -481745.32473141921      
170         -478508.16162856057      
169         -475504.28401947388      
167         -466319.54579142132      
167         -468382.53113908961      
170         -480239.31034565473      
169         -474654.49212193349      
170         -479794.88749420014      
170         -477845.47130335477      
172         -475101.01042103354      
171         -470398.4141932397       
170         -466938.86652623123      
170         -467665.86135081819      
171         -472851.66275938408      
172         -477577.59591197461      
171         -476807.34446522535      
171         -479852.65069469076      
172         -486622.73936247209      
170         -480272.19280073058      
169         -475162.86541199608      
169         -472004.0208240872       
170         -474528.33749033295      
169         -470524.84091582918      
167         -461026.39387288381      
167         -462502.87253444362      
168         -467015.33991555317      
169         -473580.92822761071      
168         -471808.76893182646      
169         -478446.20389989734      
169         -477519.77981952234      
168         -473746.05060929857      
170         -480861.16677661601      
169         -475648.33870247437      
170         -482054.55369402783      
169         -477385.34225843649      
169         -475575.64343530918      
168         -468163.91244800185      
167         -460872.77437490801      
169         -471163.37572489056      
170         -478487.33451568149      
168         -474615.08028431301      
167         -465873.89075646194      
168         -465446.60244517965      
168         -466391.29483166547      
168         -470248.31384812761      
167         -463519.49726155843      
168         -469277.72798284166      
167         -459969.23133404786      
165         -450336.81303810014      
163         -441402.52483339678      
164         -447359.76404998475      
164         -447842.4871085909       
166         -456273.29031313665      
165         -451267.08828861592      
165         -453046.77479278448      
164         -446921.63665316423      
164         -447055.59210765077      
164         -451346.9098849289       
164         -447633.0102850548       
165         -450098.10391060339      
167         -464340.03271563922      
168         -467207.90929230384      
168         -465961.96911815094      
167         -465446.77990068606      
168         -473449.05514649331      
165         -460109.09618381597      
164         -454631.94191697286      
166         -464107.96582495188      
166         -461442.0429299809       
167         -463710.98328073433      
167         -467088.55088182341      
165         -459397.48699389276      
166         -463212.15111509908      
165         -459932.56719034194      
166         -455752.87972162466      
165         -451086.28523180151      
165         -452087.05506128178      
163         -441904.32050490653      
164         -442925.82993936416      
167         -452602.04811405297      
166         -448751.6937650484       
163         -436804.02743291052      
165         -448470.66660857626      
164         -447331.85363863123      
163         -446080.21139384137      
166         -462911.04474739777      
166         -462727.59585077444      
166         -463465.14695268101      
167         -465879.49568311457      
164         -450036.78659248649      
163         -444836.64654121175      
164         -449128.92885256         
164         -453304.71076480777      
164         -454562.91570643726      
164         -452642.17513023922      
163         -445841.88577389048      
163         -443923.19714627124      
163         -446741.63649306865      
165         -455276.74696800543      
163         -447263.19001203938      
164         -453617.27866064763      
164         -450550.50061063981      
163         -451475.82943151385      
163         -448527.53614568838      
163         -447594.14766944508      
164         -449052.26972985099      
164         -450224.28159576701      
164         -452235.29728198663      
164         -451367.57811643905      
164         -446736.30507158063      
163         -440999.11186475225      
162         -439803.38440730958      
163         -443554.49270577537      
165         -454380.28408434015      
167         -464944.8734284236       
166         -460499.74419282388      
169         -476370.71945820132      
167         -465309.4957252348       
167         -464031.30363250111      
167         -461622.89487001667      
165         -452302.65099472151      
167         -461999.26137453283      
168         -469361.1270753296       
167         -464080.68746085226      
166         -459878.52783145523      
166         -462413.78521721344      
166         -459237.62878048734      
166         -455506.98848461173      
167         -459951.65035437647      
167         -460965.57044775039      
166         -457976.03630418913      
167         -458932.82318705379      
167         -460224.17570603441      
165         -449342.67210415489      
164         -446306.7301641042       
163         -440702.373268875        
165         -449157.02305326849      
163         -443600.73348860478      
166         -459098.86897282209      
167         -465410.8354214151       
165         -453167.72970513016      
163         -444609.69634952262      
162         -438448.14926728909      
163         -446139.71303387336      
166         -460909.07836247329      
166         -464694.42374281562      
167         -467251.01384832029      
167         -468235.68207854184      
169         -472249.06490044529      
167         -467416.33130017354      
167         -470584.14978765714      
167         -468464.90467914613      
168         -469321.88695206965      
167         -464046.94056852924      
169         -475987.86118702398      
169         -474943.95342366374      
169         -475966.1965140464       
169         -475521.18543602317      
170         -482727.31745560851      
171         -490176.72095207224      
172         -492906.32999846712      
170         -483580.43263812369      
169         -476804.52176649269      
169         -471034.67839745106      
169         -468848.10195035103      
168         -465837.37917614484      
168         -464450.27676741435      
170         -472657.1154748936       
169         -469848.05831329705      
168         -463439.58457832661      
169         -464910.93386161653      
168         -458823.5489600983       
166         -450665.65523587319      
169         -467011.92092009785      
171         -479585.18279597897      
171         -479588.35080374585      
170         -477050.58296170866      
172         -483124.29159904196      
171         -479141.36134576943      
171         -479087.8415886258       
171         -480296.2067232838       
171         -482997.41475976136      
171         -482922.13493346062      
172         -487033.4415939122       
171         -480924.48910748388      
170         -478886.83328554715      
167         -460511.92010354978      
166         -457532.61007795925      
168         -471849.26045467192      
169         -475960.33144860994      
171         -484094.57914965274      
170         -482740.21482754726      
170         -479495.31916544214      
172         -490145.89420465211      
173         -494983.32557849289      
171         -491903.77675584157      
171         -492282.03977877164      
169         -483551.61783518043      
169         -484152.4926869623       
169         -483372.71782764141      
169         -475284.90874415764      
169         -478355.43137368775      
167         -467178.14539091889      
169         -474467.00940148957      
169         -476059.38085210428      
168         -477714.31195045629      
165         -463003.99940544413      
164         -454195.19530492875      
164         -455022.39857477561      
166         -464863.28517861909      
166         -464753.6080752135       
165         -461512.00046523777      
168         -465648.7268280182       
169         -475097.84238249419      
170         -480952.04836811277      
170         -477041.32034299115      
171         -484530.37278754893      
172         -489647.37125736568      
171         -483436.2544306849       
171         -480585.65475583868      
172         -487950.34759215236      
172         -490150.88415325817      
170         -479820.41652840754      
170         -481678.78438297682      
171         -484524.24369366193      
171         -483945.8015418711       
170         -481443.30000825832      
170         -482251.04351467697      
170         -482859.10126534262      
169         -480268.6677029751       
169         -477778.39620917413      
170         -481357.89117933816      
169         -474481.3001743182       
166         -460699.3316744956       
167         -467635.59403611207      
167         -469233.54067956767      
168         -471013.21364401089      
170         -478864.47051272425      
171         -487010.66288393183      
171         -487640.25931378966      
171         -488028.13147489732      
172         -492645.93517067825      
172         -489889.61211240035      
173         -498221.8116553438       
174         -504426.64674254582      
174         -501483.53450444073      
174         -502972.80847738957      
172         -492290.11343338841      
173         -495137.28981211677      
170         -482987.25986776844      
173         -498634.46497433854      
174         -501496.77849187347      
172         -494177.52874082455      
173         -499097.32695174823      
172         -493365.01071227825      
173         -493367.71534794522      
171         -482942.85835230863      
170         -474916.76425599243      
169         -470064.75037484051      
169         -470649.89505364292      
168         -465241.17820311204      
169         -469127.92736990738      
170         -476519.04865896609      
170         -475319.75612845406      
171         -484873.85816818947      
171         -487536.96877267596      
169         -476503.38364421879      
169         -476815.2567867139       
170         -483333.68817002262      
171         -489307.22435087245      
170         -484082.7371125177       
171         -489727.02647903532      
171         -487973.86381961073      
171         -487090.56240729365      
172         -490554.80898032821      
168         -471033.97236786893      
170         -478348.3760448008       
171         -482607.62928617286      
172         -487883.83512975939      
172         -490876.64248891559      
170         -477139.54874137125      
171         -481649.62302090123      
171         -482550.51707765076      
173         -494852.22720625642      
173         -501008.31357085879      
173         -501997.55435730546      
173         -499615.325848362        
173         -500390.35188284819      
173         -500518.1487532598       
173         -503759.69301039324      
173         -498754.99849085225      
173         -497621.286992006        
173         -496828.94743373303      
173         -496336.41706851992      
173         -491728.4631763178       
173         -491990.48254563758      
173         -493420.39611287648      
173         -495034.91384681413      
172         -493362.90243690269      
172         -491079.18348352297      
172         -492348.25714537461      
173         -494560.65451254474      
173         -496385.07983373513      
173         -498570.70955483487      
173         -498313.06633947644      
172         -494343.90531328664      
170         -484007.8441984948       
170         -483923.41518701712      
170         -482837.67768978811      
171         -489744.3004283912       
171         -486657.05412602465      
171         -487101.70345130528      
171         -483987.94475534029      
171         -484996.94182770059      
171         -481409.15950259875      
169         -474067.20210694335      
169         -473150.59704909101      
167         -466195.44237172295      
170         -470841.9855404062       
168         -459839.47399597161      
167         -456273.97251145105      
167         -455793.94974248519      
168         -463032.56226818683      
166         -454030.45985031873      
166         -454449.95872025017      
166         -454586.13604963559      
166         -451520.91120403702      
165         -450260.82835170283      
164         -441526.87820327037      
165         -446972.66342898732      
164         -442682.95653630036      
165         -445547.09869645716      
168         -459006.33773064462      
166         -451710.40441379917      
167         -458696.29013962578      
165         -449815.91040124412      
165         -446708.75618621579      
166         -456404.56462027831      
164         -447550.08571703086      
164         -447884.77550561237      
166         -455158.59275719454      
165         -450934.44369925366      
166         -454654.07752778567      
165         -450827.25888022         
165         -453063.20176748739      
166         -457127.20670490549      
167         -459835.875396166        
167         -459251.74655218254      
166         -453791.10932379693      
165         -454700.51556652744      
165         -454791.9307668588       
166         -452154.12044631108      
166         -450514.76436702081      
166         -453133.69125321135      
169         -465802.47216817859      
168         -464703.9431833686       
167         -461271.45830245415      
167         -462211.05029122718      
164         -446206.93544062134      
165         -445045.14961172006      
165         -442435.12250795425      
165         -443107.03357475362      
165         -446652.4620416144       
163         -441052.95832670631      
162         -436361.2107938113       
163         -439908.09871515015      
164         -447063.2249444928       
163         -440701.24785953783      
165         -450603.29227460007      
165         -451879.58235992875      
164         -446618.25077057676      
166         -454161.72811823792      
166         -456015.72052330046      
166         -455717.35889318062      
165         -445347.00863413059      
164         -443154.28220657993      
165         -447326.40311605623      
163         -438794.6678855326       
162         -436948.22662681073      
163         -442215.58988689265      
162         -440694.42327169463      
160         -423021.23013268679      
162         -433375.98687593569      
163         -439659.89701024489      
164         -443948.24688181939      
162         -435729.64668673615      
162         -436704.02375542797      
162         -439886.60810036655      
163         -444235.37688963959      
163         -444041.51820853009      
163         -440266.9017581527       
162         -432090.70273001393      
162         -429241.94856543001      
162         -426909.38183026452      
162         -433647.18215938169      
165         -440693.3405756373       
166         -449158.79710615892      
161         -436163.23313083651      
161         -435006.81492814585      
162         -441407.99627125007      
163         -444387.0328859117       
165         -449038.71987391973      
165         -448971.45270469098      
161         -433855.89585742063      
162         -436203.2178826083       
162         -438405.5772177123       
162         -438608.09495858639      
161         -435742.02845543588      
161         -434512.84519363567      
164         -447573.16015095043      
165         -450916.69836017105      
165         -450915.77174908796      
164         -448347.97798121086      
166         -455812.03670119878      
164         -448831.14130275167      
165         -453058.51939122437      
165         -453117.15221101331      
164         -452913.07176063495      
167         -464399.90517215751      
168         -471352.08818489785      
168         -470954.19730446703      
168         -471060.94510320789      
168         -471053.62889026356      
167         -465032.83374252147      
168         -474815.17879479245      
169         -476356.69221805938      
167         -466187.60422668798      
167         -465669.37102706841      
168         -467322.03591408732      
166         -463202.85084448406      
166         -464221.29200819193      
165         -462064.68397988949      
165         -460905.12426887761      
164         -455366.053121645        
165         -460481.42400319822      
166         -462693.91145893408      
167         -468708.450522692        
168         -468607.11863786401      
168         -464818.22202615999      
166         -456243.50238763297      
168         -465918.59751634096      
167         -462813.67804083804      
168         -465806.99836850073      
166         -459437.95665669115      
167         -459289.73240854876      
167         -458172.52219104063      
166         -456344.52923965838      
163         -442596.97913255461      
165         -452855.82505975827      
165         -451240.5136979805       
164         -442796.7629061116       
165         -445837.20187545911      
165         -448700.29443455703      
165         -445730.52392914769      
166         -448388.10360406013      
164         -440167.75992438634      
164         -439125.7264431197       
162         -428207.60847179842      
163         -433488.1298525951       
164         -439310.1611131879       
163         -435824.16599047399      
164         -442720.90411731199      
164         -445560.77763216262      
165         -449190.38150166918      
165         -454062.9365567466       
166         -455475.73074968916      
169         -469036.5774129135       
171         -480949.58966081601      
170         -483388.43680383504      
169         -476690.77537797892      
167         -468591.2765413993       
169         -477223.76884758624      
172         -492788.32248704176      
170         -483165.69030194648      
170         -484900.72864599881      
168         -472479.21402091905      
170         -482045.91193791974      
171         -484922.94639123412      
170         -480016.22697821533      
170         -478758.63031231385      
171         -479761.95352276578      
171         -483660.75048865395      
168         -469019.66343340551      
169         -473297.10984761571      
169         -473530.78799165785      
168         -466188.16035420023      
168         -464848.90531238681      
169         -471116.36398521368      
166         -455410.28531669523      
166         -456674.47997716244      
165         -451855.22396826738      
169         -467367.01084196597      
170         -474260.40040229593      
170         -471705.77618511266      
171         -481503.89884666522      
172         -488076.52215217415      
173         -493104.58711975097      
172         -491938.01487187442      
170         -482031.32422852912      
171         -490185.41919012467      
171         -492957.77776209515      
172         -496813.65858570009      
172         -495902.21031945181      
173         -501194.45249335963      
173         -499538.93490728585      
172         -494582.56583647046      
170         -488689.76783039037      
170         -486084.54237670556      
171         -488502.47285667557      
171         -486418.85192690854      
173         -499023.72236064397      
171         -491355.59369810886      
170         -485658.76098194893      
171         -489912.83033092023      
171         -492395.70385974931      
172         -498068.27664416708      
172         -494629.49552769895      
172         -494657.89980382106      
172         -491722.73490901111      
171         -487275.02367845038      
169         -478791.01392772241      
170         -481791.37224358122      
169         -475613.39263661706      
168         -470283.84412937431      
168         -469246.53207295015      
170         -480674.35827803559      
170         -476491.14826658263      
169         -473738.20751277043      
169         -474865.75830642419      
168         -472112.02786595799      
169         -476383.25417168299      
168         -472665.80913337733      
171         -482064.91640409362      
171         -483202.53305878775      
171         -482801.48962776409      
172         -487997.64753196889      
173         -496725.75471263222      
171         -493161.29315753735      
169         -479400.01934261806      
168         -476201.71517884621      
168         -476177.53676397959      
166         -462049.80760265852      
167         -462927.17916484328      
167         -463740.02390697238      
166         -461310.6856341972       
166         -461581.59208611259      
167         -464083.43131026783      
166         -456323.97761692561      
167         -459539.86653320916      
166         -453706.45003202418      
168         -465340.4795773442       
168         -469538.54241837404      
168         -468037.65353145404      
168         -469200.3095637532       
166         -458161.22075100336      
167         -462363.86706186808      
169         -468709.58578436106      
166         -457493.62982915016      
168         -469078.58590606006      
168         -466307.37424801913      
167         -463272.68883351883      
165         -453482.22064183827      
168         -465301.41116358794      
171         -482618.97222532227      
170         -478194.05784502689      
170         -474226.73647565005      
168         -469069.66414580849      
168         -464124.34562454862      
169         -470486.24037251156      
169         -470879.37905004708      
169         -476472.95906829444      
169         -476931.04348832299      
169         -480146.22873478569      
170         -485533.83976933296      
169         -479778.25546933286      
169         -479637.88418324082      
170         -484198.28683820862      
170         -486752.71702556388      
171         -486294.26151507907      
171         -487214.27639224066      
169         -473127.0079343362       
168         -468969.32859061926      
166         -460529.36943534424      
166         -459276.02611651225      
169         -471621.89387350058      
169         -470495.82630037784      
167         -460977.32051827759      
167         -460668.71807398688      
167         -459816.20012389665      
170         -477808.64723252202      
169         -475843.04371014319      
169         -473862.96426481724      
167         -463830.8999907769       
166         -458415.59744291147      
165         -454116.84073432646      
166         -459978.719316673        
166         -456092.56202011427      
166         -460108.5939503694       
165         -450727.97534394544      
164         -448405.40160711744      
167         -462941.90468010091      
166         -453763.86222182412      
165         -448146.22012689221      
166         -456430.93013343448      
168         -464370.89994083514      
167         -456272.3125846195       
169         -464907.96078461403      
166         -453073.41002508416      
163         -436998.60927402467      
164         -442392.0288073651       
165         -446575.8715711633       
166         -452056.29466565326      
166         -455286.44572441129      
167         -460461.56456113927      
167         -459318.88373021653      
166         -456158.81444013515      
168         -465327.69129614125      
170         -479822.76218424225      
170         -479593.33537641319      
170         -481725.08493639476      
167         -466399.51912720082      
168         -471354.01552409597      
169         -474836.86058554915      
168         -472669.17230406549      
169         -478911.93084549444      
169         -478454.08920512302      
169         -477850.2019498474       
168         -472515.76723323722      
169         -481138.49531839776      
169         -482309.85589392093      
170         -487603.05935464759      
169         -480801.92941132741      
169         -480064.34089000744      
170         -483490.08438873169      
170         -484969.1758021288       
169         -476682.41935641383      
171         -484768.5936361393       
168         -472762.86614593648      
168         -472186.47361550626      
170         -486575.35202623531      
169         -484065.50575408369      
168         -477635.07829033374      
166         -466500.66052918811      
168         -475676.11454789294      
171         -489966.16617474688      
171         -489688.21788421943      
172         -490832.78449471568      
173         -499092.62189721456      
169         -479798.8210087581       
170         -483163.86330023222      
170         -484097.47539379587      
168         -476865.08477108431      
168         -475213.89506420423      
169         -480803.63059693691      
169         -482707.27489951917      
168         -481100.1126176634       
169         -485729.55559825141      
168         -480262.14460644725      
169         -484923.04329942545      
169         -488613.27812771464      
170         -492107.16077941295      
170         -491034.39367399132      
169         -486718.45359326561      
169         -487166.74974741373      
172         -497865.76669190865      
169         -484891.48326073017      
169         -483795.38379585615      
169         -481333.59746505349      
169         -482238.95532541128      
169         -480699.71827914339      
170         -482738.30689744331      
171         -489999.24261615967      
171         -490818.08618508308      
171         -490728.69889079354      
170         -488159.73739276041      
171         -495067.01728436397      
170         -488792.78604085319      
166         -468056.12666806602      
168         -480388.64216568012      
168         -478868.5729012551       
166         -466108.04272914643      
168         -469223.36911859759      
166         -464899.18924333458      
167         -470077.06932102138      
166         -463813.21921506571      
166         -463860.21800092806      
165         -455618.68998406449      
165         -454445.46991792967      
166         -459505.94359766983      
168         -471280.21573444665      
168         -474017.26209868462      
169         -479558.09272256598      
168         -476929.37947265833      
167         -474650.42980734474      
168         -475398.17971251818      
169         -473155.22482116142      
168         -468689.23474024999      
168         -469733.36663865845      
168         -469544.43300630315      
169         -478379.74217102368      
169         -478226.04578788794      
168         -476114.70394800277      
169         -479270.75557362236      
171         -488791.1537223066       
170         -483504.34566362394      
170         -485355.52439028228      
172         -492426.03082508332      
171         -482099.37208535115      
168         -470024.41872346989      
169         -476748.6468570244       
168         -475543.42516993341      
168         -474044.76355739369      
166         -462419.07806041301      
168         -468541.80290973419      
167         -465449.23608270439      
168         -467781.11799488927      
168         -466432.8453477826       
167         -461364.35092508374      
171         -474950.30553568609      
168         -462108.08071662701      
169         -470810.87648153334      
168         -466091.40011186758      
167         -467863.13855374238      
165         -456746.65147646412      
166         -463200.78565191221      
165         -460515.91939185205      
166         -465972.85349496221      
167         -466607.30273220089      
167         -465887.50176980218      
169         -477811.9228851705       
169         -479096.32872294256      
168         -470932.91536267608      
168         -471693.65838489402      
169         -475651.71887897252      
170         -478970.49984468636      
171         -483580.30242916394      
172         -486328.36565152393      
172         -488187.74090201006      
171         -479966.13286760874      
170         -474387.22530075215      
169         -471691.64445260109      
170         -478471.00717507961      
170         -479770.00984220923      
171         -487042.33752829797      
170         -480319.91426559113      
170         -480616.85892348713      
171         -485558.81587119651      
172         -487794.18571319251      
171         -482398.78740163206      
172         -488251.21707367979      
171         -482442.24927040888      
172         -487780.18051836704      
172         -488307.54551763722      
170         -478809.6390041436       
170         -484427.87939740956      
170         -484984.56688916491      
171         -486943.34737646469      
170         -480626.16138288908      
168         -469041.42301261012      
167         -461752.43454358436      
167         -462105.21645769838      
170         -477307.90043808753      
169         -470204.94285002752      
171         -481653.7222743638       
171         -483905.92276335123      
169         -475144.1071863448       
171         -489919.3273896756       
171         -487795.01619199076      
171         -487238.494358161        
170         -483611.06089695723      
171         -488351.61332524021      
171         -490232.68697578239      
172         -495133.33993102418      
174         -504171.41868188255      
173         -499955.24991643947      
171         -492574.88325306808      
170         -487420.39635770983      
171         -494201.05925911583      
170         -486254.02515105018      
170         -484809.22944700834      
171         -486696.87489473069      
171         -493560.61392540298      
172         -497991.12202304095      
172         -500280.84516083886      
172         -502817.70832993166      
173         -509440.64303765434      
171         -499039.11204102502      
171         -502721.93983245024      
170         -500104.76408795558      
170         -496953.06643885514      
172         -508290.92316777323      
173         -510716.23760659114      
176         -525353.33326222654      
176         -526051.59116896451      
176         -529069.8942785752       
176         -528304.17181156052      
175         -519304.14830953977      
176         -523801.67964160349      
175         -513287.81386489706      
175         -509862.57486041368      
175         -511742.00130137609      
175         -511367.28292071045      
176         -514582.80504494184      
174         -505213.84881686413      
174         -504437.70587815635      
172         -494446.34689499839      
173         -500427.47137968551      
172         -490998.82671409292      
172         -496454.22497715312      
172         -496851.82606507919      
172         -497332.39451695402      
172         -495614.50677376566      
171         -489885.11092651694      
171         -489603.65603703109      
171         -492552.05476390233      
171         -491998.20668358693      
170         -482764.11613360752      
169         -478937.86880510626      
172         -491377.76266327756      
172         -491474.73414257716      
170         -485514.78987012699      
171         -493960.80628789979      
172         -499194.17551073502      
174         -510966.23970429105      
175         -514568.79659753991      
176         -518898.98758054595      
174         -513026.23287312576      
174         -513841.44968274183      
175         -509747.4997298278       
175         -515026.80964575981      
175         -515135.39494099008      
175         -514912.1603691706       
174         -510158.95196906611      
175         -511000.77950589586      
173         -501547.51970566518      
173         -501813.32863499183      
174         -504972.8913138872       
173         -499677.38847657124      
171         -489632.68894269987      
174         -503012.32038026606      
173         -498211.06312324636      
174         -503064.99397883326      
173         -500366.46681925835      
174         -507115.65946039354      
173         -500799.69031767634      
173         -499372.81428653118      
174         -502312.09091386915      
172         -495293.2049477587       
170         -483041.25694808539      
172         -497729.83545950573      
172         -496120.6113963456       
171         -488870.50363671075      
171         -488721.0514466801       
171         -488583.25564886705      
172         -493534.01597975177      
171         -490286.3905268847       
170         -483310.12212104304      
167         -462864.24962594389      
172         -483660.95296254975      
171         -482546.48533263878      
170         -479186.51983613777      
169         -476377.62587749492      
170         -478652.04681166506      
170         -477339.33019854053      
169         -473561.90886397776      
169         -474740.44088933174      
169         -469402.5168420361       
168         -464329.49636373785      
168         -467694.11630145204      
167         -468174.69051354239      
167         -465265.70912221016      
167         -463121.64294625662      
169         -469624.73704453127      
171         -486928.97179699765      
170         -483782.62198964861      
171         -485583.84064786532      
171         -483387.5543084197       
171         -481432.7426846755       
170         -481043.43255773652      
170         -481706.1723425095       
169         -476777.6143501515       
169         -473240.04283009155      
169         -474135.3838670128       
170         -479391.65789255401      
169         -473393.0375764764       
170         -475132.70816567371      
169         -465829.75247505342      
170         -471318.08844761748      
168         -457589.21056961507      
168         -458943.97892650275      
170         -468147.37439267628      
168         -460141.4638296651       
168         -461572.17287867767      
168         -467847.57309431012      
169         -473813.39512893185      
170         -481431.7639773385       
169         -474987.44968941808      
170         -479949.47952531913      
171         -481582.84622875031      
170         -477955.0034483273       
168         -473563.29786180222      
170         -484720.36474954284      
169         -479462.84789933148      
169         -478087.41725835885      
168         -473936.44436847157      
169         -475655.02503062488      
170         -479236.98268810182      
170         -480906.44119618239      
169         -480064.16584437346      
170         -480786.84558121482      
172         -490307.69971858885      
171         -487874.14949442435      
170         -485432.4080709691       
171         -494230.98967855785      
169         -482761.46333159268      
171         -488768.05882623314      
171         -487731.61329584545      
172         -495450.75609038078      
172         -493915.90855226113      
172         -490440.52316807053      
171         -485030.67874896451      
171         -484616.84145129903      
169         -475636.48263678874      
170         -472370.40953130572      
169         -471115.23712332756      
170         -471165.61829864758      
168         -464256.00444401044      
167         -461827.83416478889      
167         -464662.0320628488       
167         -466901.81186978612      
166         -460502.60597366188      
168         -471226.89062247798      
170         -486156.14542666957      
169         -477851.7186968915       
171         -488775.24779288634      
171         -486853.5699135894       
170         -483292.27440416795      
169         -476342.55439239368      
167         -469149.29867522558      
168         -469006.32876111259      
171         -483513.02680533292      
170         -477252.12743743486      
169         -470691.45194256096      
167         -463080.11271835293      
165         -457255.28009163419      
165         -454225.34799360653      
168         -468378.42690047331      
167         -462617.27111804637      
170         -471951.36084412463      
167         -459352.43053172465      
167         -454825.75468884414      
165         -449787.12191818381      
166         -454785.87065267831      
163         -441026.16109060356      
163         -438855.77607337071      
165         -449864.83082529128      
166         -454343.39984832588      
168         -463717.62118905893      
169         -468557.51993522572      
168         -465704.33209135878      
169         -470183.56819948205      
168         -466350.14764081925      
166         -455229.09470507398      
165         -448081.97190219356      
165         -451181.88255677198      
168         -461659.22872457525      
169         -469642.50186698383      
169         -470245.30224638776      
170         -472319.74577362492      
169         -469426.92923383287      
165         -450319.19754414365      
165         -455093.62058218912      
166         -462566.90667170391      
166         -461919.22606008954      
167         -466251.38344248256      
166         -465320.04465591174      
167         -466761.04824426351      
165         -454851.49442976812      
167         -464537.98655488208      
167         -462595.33765894931      
167         -465238.87024652545      
168         -469443.80474218429      
168         -471966.36326960468      
167         -469555.44724767946      
168         -472889.91634358553      
165         -459777.46923218429      
165         -461114.79035360372      
166         -464652.95308722113      
168         -470767.52579697513      
167         -465939.38854187576      
167         -467165.464487791        
167         -468934.69274791348      
166         -468762.99478169985      
166         -463313.79652166693      
165         -454516.8649518133       
165         -460454.75923237222      
163         -447630.981565047        
165         -454039.78913881723      
166         -457338.55740492023      
166         -458823.07881888805      
167         -462599.7677069481       
167         -460055.01999714394      
168         -464767.88942406292      
168         -464780.25076939393      
168         -465212.08192116627      
165         -454375.98627802724      
167         -463484.14752437978      
168         -468249.70016633469      
167         -464727.51787145738      
164         -451547.03865929606      
165         -454612.8247769333       
166         -458295.24596055842      
166         -460507.34045553335      
167         -467563.28763556399      
166         -461022.49807095283      
167         -465891.65531963826      
167         -465846.0561014713       
166         -461489.71544833528      
165         -454069.64807130344      
167         -461440.38307481777      
165         -455422.6409401886       
166         -460304.99719655281      
162         -442145.52729397832      
163         -446620.3127748816       
164         -452668.13076423289      
164         -453084.38036594685      
165         -453044.09708985209      
166         -455871.33969212929      
167         -459404.89246332977      
166         -452006.80146370677      
166         -448300.48903369997      
167         -456817.48648201459      
167         -455388.8179943143       
168         -460591.3542346133       
168         -462838.62795640482      
165         -449446.82361998694      
160         -423392.80956638663      
165         -443120.52992451139      
166         -449842.95757646032      
167         -448265.24120080733      
165         -444145.97200748388      
163         -438493.70894283196      
163         -436519.73865819041      
166         -455301.69458732242      
169         -469943.82486768969      
168         -459183.73260961258      
170         -473819.02045174513      
168         -466403.82372769562      
167         -459693.00253560918      
167         -461044.3779672297       
169         -468171.87174724584      
167         -460708.46269794623      
165         -453449.48692588013      
164         -448248.28561411012      
164         -450201.78406104748      
163         -442455.72834655322      
165         -444358.93247099762      
165         -443293.35558854492      
163         -433500.97865281958      
162         -433266.88146640168      
163         -445471.79109184409      
165         -453869.54875020473      
163         -444716.56817291438      
167         -462788.35863702273      
167         -460828.4365954487       
165         -454341.8475346865       
166         -457868.66804427525      
166         -456394.45646006661      
167         -460176.58464612399      
167         -468930.3443982852       
167         -467151.95809420163      
167         -464115.20502536034      
164         -451206.41138912173      
167         -464085.29341266525      
168         -469438.26944936428      
169         -473409.62118298642      
169         -475090.01642618515      
168         -469141.86856610706      
167         -465748.22980924719      
166         -462046.57749335584      
168         -470337.17445398116      
170         -480597.15471134993      
169         -475754.87528459332      
169         -474486.50494023389      
168         -475257.86063030898      
167         -466502.78763679584      
167         -465033.84340929327      
169         -479606.22676090925      
169         -478697.64672953705      
169         -482116.13496186637      
169         -484501.75278147863      
169         -483387.94540123962      
168         -478656.67793278117      
170         -491513.0937551923       
169         -485459.50677083724      
169         -480589.72760591807      
169         -482695.32663346577      
168         -475460.19148546457      
168         -474717.24774030922      
167         -470131.49500496406      
168         -477949.32063253317      
169         -482603.89056602557      
168         -479911.18747206463      
168         -479030.06730048702      
172         -499142.75696243421      
172         -498015.54317352432      
172         -496570.90633435588      
172         -495221.38301095593      
172         -494678.85111175349      
171         -492405.02516672306      
170         -484586.07738854043      
169         -478354.50749511225      
169         -478385.76840904541      
171         -487109.5885443592       
171         -485170.29466862325      
172         -489734.69941282592      
171         -485341.12425457512      
171         -484999.88069962058      
170         -477371.84665222577      
169         -477183.22450721619      
169         -475516.98747276457      
166         -462127.77384943212      
167         -463770.26440594019      
168         -467905.70073256316      
168         -467790.61900224548      
168         -466896.5375769072       
167         -462615.89437683538      
167         -464330.67143196118      
168         -472146.89504132734      
169         -476347.6232736127       
170         -478206.88689754461      
170         -475834.37862170668      
170         -477250.98331458197      
170         -477371.61943019449      
168         -469089.52713652694      
168         -464820.2603995417       
169         -466904.65726190241      
168         -463406.94567689893      
168         -463440.81295517343      
167         -461234.82839324878      
169         -468017.22693781834      
170         -473104.35692226962      
170         -478340.33436056419      
170         -474749.76289876306      
171         -479184.01528804051      
171         -479680.966164021        
171         -479138.45235846052      
171         -477481.9231161183       
171         -471941.12215284182      
170         -472398.81830148626      
170         -472541.14661062171      
168         -462381.22582916718      
167         -457956.27691253729      
167         -458690.12107160833      
165         -449527.15241979907      
164         -444588.35984241479      
164         -444961.28337533842      
163         -438204.90890687291      
164         -443824.36456371704      
162         -431152.20725118549      
163         -434591.15165767586      
163         -432072.6746292513       
164         -434890.53878139722      
163         -429146.57479944592      
163         -434929.45373948355      
162         -435346.50645340187      
164         -450238.11715714925      
167         -465063.87882231193      
166         -459886.18867858872      
165         -451682.5876605931       
164         -444534.58925456187      
162         -436558.11494982225      
161         -428477.97719115327      
163         -432638.98860814708      
164         -441250.42945174954      
163         -435376.49854267901      
163         -435129.62978888059      
163         -438254.68912904151      
163         -437978.98159026331      
164         -440557.06594529166      
161         -426069.80451789312      
161         -429375.15342434432      
161         -422812.67616959859      
161         -418332.78815949988      
161         -422425.16611290578      
165         -440493.71526543685      
164         -433043.48263609153      
164         -433714.55554068799      
163         -430195.76540814491      
166         -440530.36495438777      
164         -433444.0856950517       
166         -439432.0302688774       
164         -437074.42210642144      
164         -435070.96899893746      
164         -434307.78163936664      
165         -443462.36818583065      
163         -431638.50813464064      
165         -433795.19372361194      
162         -426079.23362532584      
161         -420599.12283070781      
162         -428978.57275056193      
162         -432579.25439757714      
161         -426876.26987155568      
162         -433831.95005597174      
161         -429681.43653050886      
161         -429070.44278068334      
162         -436065.90438479173      
162         -433584.13287037768      
164         -444648.72022187442      
165         -448763.08643895795      
167         -458012.8785276711       
165         -446828.07231900573      
166         -452101.36724962306      
167         -453782.96532553632      
167         -457457.76562542818      
167         -456506.49152664305      
168         -459661.96111158404      
168         -458194.13381381397      
168         -454941.52559399541      
166         -448111.37741384807      
167         -452714.93427064567      
167         -453536.81665213295      
168         -455472.74487616029      
167         -452554.39263337414      
166         -448973.71130938421      
165         -440916.43818264297      
164         -433355.0636822696       
163         -430312.46949100849      
164         -435974.43006885971      
163         -433563.34808452334      
162         -430133.58492670959      
162         -425070.25007293239      
163         -427008.47043175029      
163         -429282.38148559246      
165         -437215.97232198156      
165         -437028.47217186337      
166         -445204.70200726448      
165         -442334.13468129828      
161         -425750.5024299334       
166         -452916.1628151004       
165         -448994.45936311851      
164         -439216.52354278188      
165         -442618.27384507837      
165         -441965.78452173778      
164         -434876.71733412961      
164         -438282.7051584812       
163         -435517.89000978629      
161         -426133.75794389937      
164         -439656.30448168342      
162         -428564.09324322519      
159         -418119.01273349259      
162         -430031.97361574438      
162         -428693.20022423461      
164         -442132.88351196551      
163         -437162.33187341335      
165         -442801.28654674644      
164         -438216.22190095263      
164         -440448.89383073273      
165         -442697.12819977244      
167         -451040.57440790324      
167         -451956.48176528205      
167         -455646.41592412122      
168         -462958.51476190588      
168         -462937.52616914676      
166         -452212.01169343432      
166         -456241.70451718802      
165         -448272.0048450224       
164         -442329.01390764449      
164         -440675.13743270212      
164         -437714.45476863551      
165         -442143.08659319091      
166         -445517.92924818886      
166         -443556.38865460001      
164         -430150.22797376011      
164         -432816.84856752446      
163         -431926.80525562487      
162         -429933.22541879461      
165         -445224.0171679795       
165         -444839.10766670003      
164         -441576.50950065738      
166         -452952.80621598102      
165         -447138.4018149125       
167         -458107.55954683392      
167         -458105.09827995434      
167         -458938.12756362202      
168         -461497.26851256558      
167         -451676.637089753        
168         -458878.26614798192      
167         -454544.89746266598      
167         -456822.4773702547       
170         -469879.21767364955      
169         -467692.19349197095      
169         -470735.06750110089      
167         -466295.90205099544      
168         -472240.61308356212      
167         -466919.85701831337      
168         -469725.01062012656      
165         -453783.27273365756      
166         -457383.57927282213      
167         -461147.24594105338      
166         -456370.65346705588      
165         -450602.44178146805      
164         -444428.16691672703      
166         -454856.43003210262      
165         -450005.94860759017      
167         -460307.59927376133      
164         -441256.60256223631      
164         -439568.38817709871      
164         -435969.56621365988      
163         -436014.92994764692      
163         -437618.80074158957      
162         -435114.75045130658      
161         -430300.68313258485      
162         -434949.44069081504      
161         -433188.93576002476      
161         -433978.17277541204      
162         -441843.79455074616      
165         -456262.41159363772      
165         -457688.1055828681       
167         -466707.05972986808      
167         -466242.60114297556      
167         -467295.30332561122      
167         -465287.28619665216      
166         -460456.2404863562       
166         -453449.60742940649      
164         -447294.31334659812      
166         -452002.610039455        
166         -452278.58294087357      
164         -442317.17297029134      
165         -449030.82141611382      
165         -446912.99366184085      
165         -444185.88802193041      
163         -433872.22104936221      
161         -427903.77413447219      
163         -440362.32032197266      
164         -441020.9273963765       
161         -424914.67017631681      
164         -441411.42091220181      
164         -433771.31886115269      
166         -446586.99869758426      
165         -443377.36370183999      
164         -442894.11708413227      
167         -454136.4663957642       
167         -451145.39650702331      
165         -442481.4993971808       
165         -434785.56618192192      
162         -425546.91676538851      
161         -426276.1096687488       
163         -438281.74033724773      
162         -435324.82383755723      
162         -431231.14400205004      
165         -446917.15039339679      
164         -445593.86757020099      
163         -437326.47300610872      
160         -420649.65553117171      
161         -427068.05165530118      
163         -432540.04743267904      
163         -433691.0820816409       
161         -424641.19761887414      
162         -430576.98673675023      
164         -445450.54535047529      
164         -446342.36631876987      
164         -445838.2793928092       
163         -443849.94175694097      
164         -451451.20860659983      
165         -454537.25134460599      
165         -453209.01172522333      
164         -447354.30202625063      
162         -440833.38190756412      
162         -444051.92844967789      
165         -456494.57304522698      
165         -456783.15579888725      
166         -461974.35558819131      
165         -458285.67929378245      
167         -472351.39180153894      
168         -478341.07680988486      
165         -459834.81072649849      
168         -469213.24714122014      
167         -461211.80487104517      
168         -466434.24609478423      
166         -453564.50870706933      
163         -440303.17513399001      
164         -450319.91599795449      
165         -450113.54441105941      
164         -447190.58246342657      
165         -448805.19704705506      
165         -449084.51991795428      
164         -445415.38175337779      
158         -415488.02700411726      
161         -429483.09248278843      
161         -429468.0708306618       
162         -434151.377720177        
160         -419923.66471615556      
159         -418891.12030781771      
161         -422673.98106329527      
161         -423024.74012753501      
165         -443013.8175620485       
164         -436062.91646378406      
161         -424629.00581431005      
161         -421761.8239385226       
162         -427219.78539241909      
163         -433924.64121057681      
166         -446420.56762264436      
165         -442687.96892255219      
165         -444269.88692784205      
163         -432242.6047998126       
163         -431682.96998753963      
163         -429331.76814318803      
160         -415006.78432766261      
162         -423271.40900921426      
159         -405598.7666499812       
158         -404886.94838933437      
160         -419992.01883459766      
164         -436223.04628354398      
162         -424413.20082645386      
163         -430498.43905610248      
161         -423379.99792821967      
163         -437178.17702163849      
162         -431325.97766295442      
165         -444494.34014089545      
167         -452644.90375614353      
164         -441069.12864319584      
160         -421619.08854288998      
162         -432852.54360145685      
162         -431251.59027763322      
166         -449709.24627622846      
168         -461295.47874204867      
167         -454353.00323662389      
165         -446347.41439305112      
164         -441926.06179777463      
165         -443089.36017448711      
167         -450919.5211496519       
169         -460212.68676842708      
167         -451882.42447924439      
168         -452938.12485937536      
167         -447732.21828382637      
165         -437949.49964802561      
164         -434971.83434493968      
166         -448643.20817883161      
168         -457163.33485690964      
167         -453279.80943148292      
168         -459550.3757009781       
167         -452975.01490597881      
167         -451316.25649689417      
165         -441144.58492479229      
166         -450331.17185394268      
165         -445802.16849914618      
164         -444612.14349091589      
162         -435148.71399211022      
162         -435178.9336073086       
164         -444529.60344941705      
165         -444341.11505774636      
166         -447977.63513226283      
167         -449923.34543069545      
166         -445265.32685160369      
165         -443175.85770705715      
165         -441583.63514915475      
165         -442562.48983618931      
165         -442603.29879649827      
166         -447738.76739770966      
166         -449991.268678108        
166         -455166.69775686227      
166         -456960.29214591172      
166         -460804.74027532246      
163         -443909.10601278907      
164         -446573.63440251828      
167         -463362.22405140364      
168         -464092.56378404505      
166         -452623.82981997717      
167         -460532.6810669413       
167         -462244.39013206575      
166         -457719.22409329924      
167         -462141.12471326254      
165         -454721.96371201961      
166         -460386.97476147278      
166         -463411.38661039539      
166         -461609.26536179509      
162         -443712.2413923142       
166         -457440.59428191197      
166         -456980.0669967971       
167         -465943.77567564626      
167         -468383.19334800995      
167         -469491.49734908872      
169         -478981.22084295889      
169         -481628.32260809012      
167         -472856.94441140757      
166         -469707.36712097027      
166         -468831.06844441139      
168         -474583.4161854327       
168         -474132.57656499051      
166         -465901.5817106124       
167         -472459.42126341048      
169         -479877.9026920356       
169         -482421.03531927365      
166         -465581.73572555557      
166         -463761.98156749341      
167         -465738.57783007767      
166         -461567.83484300086      
167         -468873.97807657014      
166         -466295.07890157553      
167         -467759.29090363893      
167         -466860.20635203854      
168         -470984.78158152686      
168         -473411.06922005489      
167         -466235.81037860882      
167         -459463.88186444249      
168         -469386.92586854647      
169         -471365.55045178422      
169         -470697.95401323761      
169         -470871.9443114546       
168         -464267.4609736735       
168         -464437.27723439981      
170         -470826.68450096389      
171         -480128.60712147271      
170         -476556.179364237        
172         -485176.75452926871      
172         -482849.42756603705      
172         -482798.32026793848      
171         -481277.41719884181      
170         -477445.11332583544      
168         -466394.95006146585      
166         -458934.97897033615      
166         -455802.06452683592      
166         -458576.62277454068      
167         -460579.14718507143      
168         -464325.34436986828      
164         -448304.29622915294      
164         -448014.20207576244      
166         -457019.68719114328      
167         -462409.85784169141      
168         -464946.65912872524      
168         -467545.74281501881      
170         -476771.88731440553      
171         -481311.44656373875      
170         -475971.84959174646      
172         -487249.77402757783      
171         -485964.30552014819      
172         -491536.39511702763      
173         -497196.23674137582      
172         -494793.68348603172      
171         -492536.55796158483      
172         -494709.2335046131       
171         -488494.9470692586       
171         -490643.92360658105      
171         -493049.63105908339      
171         -489401.64369063242      
171         -490186.08626684925      
172         -494483.59550557163      
172         -499699.66492003412      
171         -495999.7422939628       
171         -498970.16613516718      
170         -491232.9231752163       
171         -492387.87759001006      
172         -494608.41855034191      
171         -488549.05831303494      
170         -478773.27932683454      
170         -482754.83394598984      
169         -478076.69027240842      
168         -473165.22460052889      
166         -466010.36408123164      
169         -475742.23156109545      
169         -477189.4704641478       
169         -480423.58417598612      
169         -480851.88555353833      
169         -482459.17599582672      
167         -476019.20348861796      
166         -469955.7331000464       
169         -486199.05367017054      
169         -486579.83729605097      
170         -482512.29342890647      
169         -478723.52643191593      
171         -487971.36376073991      
170         -485021.96090274607      
171         -490682.25833715982      
169         -474897.30577941163      
168         -470559.08894067758      
169         -475589.70839039626      
168         -474036.05418861576      
169         -475835.22087885236      
167         -469987.34758252051      
167         -471240.96829509537      
167         -470866.56933408079      
167         -468991.59875665122      
168         -469373.97192377091      
167         -468644.79952937015      
167         -464786.92016970145      
167         -460070.2048875707       
166         -455711.53313539142      
164         -444434.3176854006       
165         -446053.99546688941      
165         -445530.88289711141      
165         -446085.20523026754      
164         -440730.37582184299      
166         -450211.93475761765      
166         -451334.95988555718      
164         -441927.14575863426      
162         -434713.75789586018      
161         -427554.24801437906      
162         -429797.60746538936      
162         -434489.50642827706      
163         -437090.53107957356      
162         -430566.70086681063      
163         -435027.85675561533      
161         -424746.6779955122       
162         -434031.06996875018      
161         -426797.06341217883      
162         -430862.35484407266      
162         -432261.00283498241      
165         -449617.76332356909      
163         -442261.0380197328       
164         -445788.75951338897      
165         -452119.85549157951      
166         -458751.67454749509      
166         -459023.0560013022       
165         -453391.74352339044      
165         -452065.2141412801       
165         -445935.47294811188      
166         -445782.38206472748      
165         -437872.97585859313      
165         -437922.93522578944      
163         -430823.15901512321      
165         -441146.12888432556      
168         -462808.77811632771      
168         -463323.86530356639      
168         -464001.76197971759      
169         -472434.62637417205      
171         -483909.3505880055       
169         -473209.31782935781      
168         -468669.65113419958      
168         -470580.02157112362      
167         -467764.41703504021      
167         -465804.50023042707      
167         -465115.55549774418      
166         -459683.2226875152       
166         -457093.56313448364      
164         -442226.74666654447      
166         -451519.82804594852      
164         -440864.29316738067      
163         -439667.97564192786      
166         -449643.53343860561      
164         -441646.66370357439      
163         -438549.91966427339      
162         -431228.27727901563      
163         -435799.19426161645      
161         -429859.26790136134      
164         -445439.2397841232       
167         -462868.75391524594      
166         -457792.642671771        
168         -464993.27015732724      
168         -462630.54323131684      
169         -462068.75893307291      
169         -461833.32977006241      
168         -460683.51451424306      
168         -464400.44077948504      
168         -461821.04057670827      
166         -451926.89867689542      
167         -457905.31136608787      
166         -452519.80982929596      
165         -446624.75280329114      
164         -441425.84217676858      
164         -441254.62498713908      
164         -440147.71261443268      
164         -440232.85506860365      
163         -435952.80437830347      
164         -439957.7675989382       
164         -439828.71593520819      
163         -435909.91198448848      
163         -434519.51657284406      
163         -436914.16816564859      
164         -438967.32982975553      
164         -442988.73752349487      
162         -434519.27176959574      
161         -432005.95251635648      
157         -408437.59308077418      
160         -417818.61480808875      
157         -406096.49012140429      
160         -419164.86456801853      
160         -416951.54475091433      
157         -400447.02980578353      
154         -388975.97565000155      
157         -399785.44825453276      
155         -391837.21566786093      
160         -415592.12715364649      
160         -416721.37287125608      
161         -420983.77007438947      
159         -410507.32215694897      
159         -414783.6244605119       
159         -413846.01087415766      
163         -433646.2813690902       
163         -436201.92300377565      
163         -437876.29249003355      
163         -439291.22345762659      
161         -433224.80905799661      
162         -433372.90927412309      
161         -431527.32698773069      
164         -447370.60320302082      
164         -448866.70805627125      
165         -457517.85271887667      
166         -464133.81468148262      
166         -466288.40679969999      
168         -474460.11761756055      
169         -478757.83547370002      
169         -477840.28880152496      
168         -473176.42186770012      
170         -480708.23731072753      
170         -479414.47041202663      
170         -479435.37484799401      
170         -478992.06610929         
170         -478763.41361867904      
170         -482828.79819731595      
171         -488526.53509020951      
170         -483903.7301464394       
171         -488408.34007565986      
170         -484603.85308984714      
171         -491681.05480759055      
171         -490917.0357602298       
171         -489470.7038154818       
170         -483233.4171082846       
170         -483934.3954507453       
168         -469749.02418439655      
168         -468120.38829883572      
168         -470430.28021452064      
169         -472693.30873551103      
170         -475318.71190298104      
171         -478719.2825395033       
169         -471042.08909624879      
168         -472353.68395143718      
169         -472415.95966473495      
169         -470819.41198238026      
170         -472725.53074488544      
168         -464539.11109055713      
169         -469016.1627985065       
169         -470390.81934202684      
168         -465964.92743811314      
167         -462713.42385032226      
168         -469204.86603589408      
165         -458068.07167934015      
166         -462960.72800794756      
166         -462203.27263037628      
167         -467709.3939685782       
168         -476035.33706720662      
168         -476714.06949561986      
166         -460707.94353472546      
165         -456008.88165599928      
162         -440570.85493152414      
159         -427198.22660923522      
161         -433785.86640099582      
162         -436872.1778043544       
165         -448516.48946541286      
164         -445543.24931138282      
164         -445455.45819776563      
166         -456056.7305584373       
169         -467586.1909642141       
167         -465024.79127700953      
170         -478462.0879383877       
171         -486736.09452642337      
169         -474583.40374923218      
170         -481233.19778404007      
174         -501557.23811450764      
172         -491329.98321092682      
173         -499296.97603186325      
173         -499995.70316716353      
174         -505411.48294412141      
174         -502107.28282930108      
175         -510426.98640845105      
174         -509816.58107299503      
175         -514366.81732025585      
173         -508642.86107915017      
175         -517919.56851052173      
175         -517436.35792029055      
176         -519840.73686768604      
175         -514288.29007210891      
176         -517389.30965579743      
178         -528858.24079027819      
178         -530668.87777743174      
179         -536488.0732394337       
180         -544543.64204318274      
179         -539038.74080205488      
179         -538475.83848471404      
179         -536365.04388902232      
178         -532430.74413149327      
177         -525169.63116913987      
176         -516016.66036124504      
175         -513108.55699234374      
176         -514784.7601429756       
175         -510835.63035478815      
174         -508022.34361946722      
174         -509151.84302661853      
176         -520607.13882633578      
176         -519785.75567163038      
