140 1 -968 25 25 25
40          -4233.3160223704335      
26          -1700.6716502713452      
38          -3462.5116406069096      
36          -3015.752567030951       
28          -1730.0549504503674      
21          -1163.0525281485848      
28          -1899.8210398213214      
34          -2573.034630670541       
18          -283.20980221806116      
24          -1115.2659950280142      
19          -806.68229525581773      
27          -1683.7691455859413      
43          -4273.0534431838196      
39          -2972.5223796232003      
19          -753.56902415059812      
29          -1571.150351393999       
25          -1608.2210617220537      
24          -1026.0010009024368      
27          -1342.0735268836579      
12          -331.1544509268486       
22          -1432.6108329714382      
19          -1132.5554049998175      
21          -1011.6864133798864      
27          -1378.5896726056421      
25          -1294.4057095999415      
22          -904.96570586708219      
21          -884.8958320217406       
30          -1934.9948883543627      
38          -2894.8503836546433      
22          -543.56835493292817      
18          -522.78563234526553      
31          -2045.6354168561181      
26          -1452.2508805147286      
19          -789.96000284793729      
17          -537.45064030097592      
21          -962.75236514479559      
26          -1666.4099218073397      
14          -511.11259348561396      
21          -1034.4190851508952      
23          -1435.9294967305959      
17          -829.01225730869294      
12          -464.09567513693787      
27          -1432.9615736623432      
36          -3093.1286251920446      
27          -1286.0108456685048      
29          -2130.0760912377154      
29          -1675.5922043612748      
28          -2366.1950047470573      
16          -816.19750913324538      
24          -1349.427165043232       
30          -1494.4942682481167      
27          -1821.4765666565399      
21          -1360.5854948693611      
22          -1193.9318227971112      
23          -1467.8145171212259      
26          -1589.4073013677648      
21          -996.46332821431497      
17          -618.67696742275825      
27          -1636.5335316928069      
20          -829.74874221893208      
24          -1226.3773061236282      
18          -771.92094519467923      
21          -648.46082162959169      
28          -1700.7472733984503      
33          -3475.2321941226451      
32          -1802.4546688590835      
28          -1506.971250448805       
33          -2429.2954550927175      
16          -1303.3241339518356      
19          -1403.3491129886527      
20          -832.20804982324421      
18          -699.09408413115341      
12          -275.85424014786344      
26          -1314.161919116277       
16          -408.97441642260372      
9           -285.61928775512172      
31          -2196.8636437700166      
40          -3709.4724972782155      
38          -2486.0008249165967      
28          -1818.1506839244003      
32          -2661.5249743933909      
16          -372.82335004391246      
30          -2398.0394906699498      
34          -3082.2209078603955      
28          -1903.0876336597794      
15          -72.27113039418262       
16          -357.12929511945794      
15          -277.25144496995716      
24          -1319.6470155793168      
21          -1162.3412346816158      
28          -1701.5085648325592      
29          -2193.2400356479475      
31          -2359.4095087015567      
34          -2762.1154836406213      
43          -4507.7964936223279      
32          -2642.9500836204575      
29          -1983.576092639945       
15          -231.23599818752646      
26          -1128.0166581969863      
16          -544.71316141798752      
25          -1509.6413611360965      
24          -1837.8090331345443      
23          -1395.9585960896347      
33          -2180.5019422774594      
30          -1470.387695619806       
30          -2009.9149767937699      
29          -1228.7873925113006      
20          -993.72528732834257      
29          -2277.2495691784852      
20          -1093.6670040682782      
16          -1139.7281095630308      
23          -813.4972648310677       
19          -532.49644417858212      
27          -1630.8308286883052      
13          -204.99222537042016      
18          -809.22773675120561      
37          -2702.9537907995177      
22          -1558.5308198772282      
20          -1015.7672871102794      
23          -867.95494509419427      
22          -503.23913112697244      
22          -797.25257736207789      
27          -1480.8495607614566      
29          -1744.3414410234316      
16          -374.00930390106026      
18          -870.5818396129207       
23          -1577.9181606463851      
25          -1826.3684882161183      
21          -1215.4919105681754      
22          -1209.8894081507422      
23          -1129.6850675361231      
21          -737.52406483866935      
15          -492.93356635584024      
33          -2306.5700328891144      
15          -273.52596281627365      
25          -1454.0948066557837      
21          -908.56649389333313      
20          -841.23478354203246      
17          -711.12056812136416      
28          -1665.2898874928351      
30          -1702.6708647823818      
41          -3233.2255256409589      
32          -2575.5162572909926      
32          -1962.6213988453508      
24          -1227.8299215843131      
30          -2587.3006378204554      
17          -872.25764386281082      
29          -1953.2569279000484      
21          -1041.7070928545093      
23          -1515.5814799478878      
18          -637.62879969875485      
18          -1016.5450264940673      
26          -1646.6035500950345      
32          -2190.6499244296874      
27          -2415.8982274546897      
23          -1038.0140476225781      
23          -1372.2883594733339      
19          -872.88104194129858      
14          -427.0747548309572       
42          -3564.319243298024       
18          -866.70360494760962      
19          -848.21602758896722      
26          -1394.3151241802157      
28          -2077.8226560486946      
18          -617.05693274274108      
24          -1323.5501887475502      
36          -2967.6522473872847      
29          -1469.8969411431465      
15          -470.64976066798289      
27          -1171.2652978981653      
22          -1663.5916319847317      
20          -764.56165107312358      
22          -965.65501053134017      
17          -651.18063430462269      
30          -2661.4835464626094      
27          -1391.8897048031522      
23          -1626.1512662590887      
30          -2596.6163442279108      
28          -1087.9115317388091      
26          -1132.3185231280922      
29          -1873.0430616707092      
27          -1700.9978012273396      
20          -1406.304418209309       
31          -2915.9810048776239      
34          -2620.7146350331782      
26          -1643.1753971088829      
16          -876.03021533678134      
17          -687.17268062030905      
32          -2193.477625895528       
28          -2472.7793139012088      
32          -2309.3556525557196      
27          -1261.6157110362233      
30          -2032.9569800231568      
21          -531.01869237671633      
33          -2978.3103807035604      
26          -1069.3196220763111      
26          -1437.9745572788643      
16          -678.8079634130122       
20          -772.70483136644384      
29          -1439.9947679631632      
33          -2385.775078778136       
26          -2225.1734523597534      
26          -1355.8651210808191      
24          -1069.4594450798427      
24          -1775.6855650877555      
22          -1001.9753517931645      
23          -1462.9002281943172      
22          -747.42415322717159      
13          -481.93742540967594      
21          -1007.7737576973758      
21          -841.97748509456039      
20          -1204.4529522124542      
25          -1609.8065684337496      
28          -1954.5228256976729      
27          -1182.1044483976139      
40          -3966.0560479155783      
21          -797.42306230248278      
22          -708.22585816816081      
23          -1763.2805263171613      
28          -1609.9622978878015      
21          -578.19408646711383      
27          -1422.1554194815933      
29          -1667.2659336591998      
28          -1377.4142152551931      
22          -933.23220588742004      
32          -2532.2499398612108      
31          -2471.3438141983029      
25          -1714.6805390683558      
23          -1069.5600040977533      
22          -1716.219389085546       
19          -1300.7526193521935      
27          -1317.6599048504852      
26          -1649.5851682184166      
25          -1099.5919011750671      
24          -1240.3884602003902      
12          -517.29551469324963      
17          -604.03036527207348      
20          -512.08253947827438      
29          -1866.4411583242575      
21          -1725.8465021328609      
17          -654.28587496360046      
16          -623.6456609479211       
23          -1521.4040075807166      
18          -733.83925200372937      
29          -2065.6637325245192      
19          -762.12848535425155      
44          -5291.980972714342       
24          -1407.7571009852918      
35          -2756.0088304636238      
22          -868.79123560475023      
31          -1661.3783789884251      
22          -1323.8764227319043      
40          -3506.5742512057168      
28          -1431.599218499807       
23          -1297.6187312834716      
16          -623.07503430049519      
22          -1153.1287626227174      
23          -1432.1635364436488      
23          -1357.0588579504481      
21          -664.50998488326036      
40          -3503.9733760931267      
54          -5845.4267727686511      
46          -5115.1129676685896      
43          -5247.8987167981923      
36          -2893.9112172231548      
35          -3402.8140704604057      
26          -2298.0293753733422      
22          -997.27037094020022      
30          -3319.7709409227168      
35          -2839.5024898025854      
40          -2765.9935490183798      
34          -2260.5490767530455      
19          -683.2475264540135       
17          -1218.3820464784126      
26          -1272.7916144138414      
26          -1903.7852138492231      
29          -1816.2175595048504      
27          -1740.6612555228235      
26          -1692.306445951883       
31          -2621.359549621061       
25          -1499.7963302034316      
15          -163.19611413306336      
23          -1266.7926662147456      
19          -1253.3393342313402      
27          -1719.2616948237289      
25          -1066.4602454606429      
28          -1237.6457094695229      
18          -530.76189015546026      
24          -1399.2435275685539      
19          -895.21387681220745      
20          -1725.3350812712961      
18          -1134.5485022691817      
23          -1041.3423318594882      
11          -118.36125512710888      
19          -574.1627701586599       
39          -3595.7503927276348      
47          -6012.4454774036312      
38          -4029.1832190061718      
31          -2316.8579963565112      
30          -1438.1182994124256      
18          -872.4811857183762       
26          -1129.8353887073442      
21          -951.46884042405645      
25          -1577.9012519923178      
23          -1698.6032149432747      
33          -2452.9773917299917      
31          -1634.1501412449279      
32          -2179.0402348082639      
25          -1276.4863465088642      
24          -1697.0327473499592      
50          -5351.9429897501841      
26          -1842.9531484723107      
20          -1487.7823999343857      
24          -1289.6441602928171      
17          -439.34994638479765      
18          -533.39584583609621      
22          -1300.2002385165301      
21          -1042.2972130084361      
20          -491.11340042391998      
23          -1129.1858460573878      
26          -1301.3867735096862      
23          -678.928272311672        
26          -1558.5212093378959      
18          -442.96192464590933      
29          -1603.733952115834       
28          -2498.6874508101741      
28          -2211.7879403409083      
28          -1445.7419735721917      
35          -2875.3095638113023      
24          -1578.5377657864237      
12          -230.88942342376748      
25          -1351.5789767918254      
23          -1487.6865712679339      
28          -1743.9101215394646      
24          -1139.6269353009845      
29          -1688.8705364924133      
34          -2527.3589228436131      
32          -2372.7874388584046      
22          -1170.3352801688409      
19          -1083.5393232885731      
30          -1877.7215723930412      
14          -354.16904054790797      
27          -2001.0285237584562      
19          -800.54262116702728      
36          -2598.8534399294604      
24          -1662.3279355330919      
26          -1747.5987366946679      
31          -2329.2416943681224      
13          -189.03025050941716      
23          -1039.3300490281495      
36          -2332.6202014464898      
27          -1073.5573496751792      
29          -1788.3060918958583      
33          -2819.1556880006901      
25          -1321.0220604893318      
23          -1420.3286170793024      
30          -2694.0596258491951      
29          -1810.5459391442262      
19          -652.20361206136272      
21          -830.81556734892217      
24          -956.05277255557269      
20          -574.63054078202197      
21          -490.40618530357887      
30          -2216.6037900986039      
31          -2290.3109614830691      
24          -1726.7326109481085      
24          -1342.9166944983301      
41          -3320.4233390750333      
38          -3038.0272719268974      
22          -977.15359295815801      
34          -2506.825589306291       
26          -1714.15614307848        
22          -919.84283805870314      
27          -1834.2609412978536      
23          -1091.2252959053271      
29          -2084.5059944697778      
40          -3870.8406431546664      
27          -1487.0786029700287      
34          -2329.7503097231393      
33          -2141.3347600308311      
26          -1127.659583854821       
18          -676.01048164224687      
28          -1725.0262041053193      
25          -1989.6100219147247      
22          -1528.8926388044072      
21          -1303.4940509748806      
21          -1735.4302815627079      
36          -2809.5020496855527      
20          -405.90446583825309      
25          -1516.5079962268401      
22          -978.43238005447256      
22          -651.56857883649661      
17          -744.98697229894174      
21          -1142.7470418936834      
25          -1414.6770850040073      
19          -1051.587982140345       
33          -2356.4215709353057      
23          -1947.1205572787303      
29          -1980.2782823029283      
21          -985.03422187670583      
15          -1027.3762921572054      
20          -1069.1991620376384      
19          -654.85140549258369      
17          -773.68087790589175      
31          -1880.4521841800597      
21          -1400.5558131733305      
18          -598.86051651824346      
23          -1327.6519578495941      
16          -428.18616622251898      
26          -2054.1948713467432      
23          -978.70423306285466      
15          -615.08937659712888      
25          -1427.9159999045269      
23          -1313.106391209561       
16          -465.14886930223196      
15          -621.97812193829748      
18          -623.15649340991456      
18          -261.03570704483832      
13          -245.29309697923864      
20          -580.30509176633825      
21          -1404.664599931084       
35          -2950.5006725800081      
22          -1442.1124850853814      
21          -821.17713586684363      
32          -2000.3546983949277      
33          -3383.3324314690049      
29          -1984.8457325764407      
25          -1061.2141992305371      
25          -1476.1912444329848      
18          -261.70796016757311      
20          -537.19623064520556      
25          -1389.5512798555035      
34          -2951.664297861967       
19          -835.06273455027042      
25          -1191.9290140530879      
32          -2299.0752129727534      
16          -617.27876541181968      
27          -1478.5844319659393      
34          -2723.8482799520543      
30          -1870.1094001449269      
33          -1777.2341314212592      
24          -953.55946027903292      
29          -1738.0590258562711      
24          -1224.2449670533751      
21          -863.89116031458695      
24          -1496.1298213932828      
14          -511.26853582955647      
19          -805.83380152897473      
19          -1206.8828369746614      
29          -2216.4631587503159      
15          -380.17554596150472      
23          -849.21719111764241      
19          -1072.269264265253       
23          -192.01558115682457      
34          -2588.0537224129307      
29          -2025.8645613767856      
22          -1043.4449131241142      
14          -371.98145610255341      
25          -1307.3015010960319      
24          -1826.5992266863184      
27          -2057.7385372859749      
23          -1322.2990417582243      
27          -1452.9629779273021      
32          -2126.0051521010214      
34          -2761.0912867467059      
20          -604.31740125234137      
17          -547.0923422736472       
26          -1306.9617354829013      
29          -1478.179953435271       
31          -2704.5527731508273      
30          -1884.1582537132381      
23          -608.65021887531952      
26          -1403.7646101981591      
33          -2725.0796244423159      
24          -2376.3380015921248      
33          -2509.6565159776137      
27          -1571.9946926204966      
22          -1403.7730037578183      
32          -2224.975825215728       
11          -384.85120260020602      
25          -1503.2092264999205      
21          -1206.1562081830452      
33          -2221.1334360281489      
22          -757.06298101425068      
21          -896.68729003286546      
35          -2876.8109708872944      
29          -3199.1867485326493      
17          -394.17529163771036      
27          -1889.5850259178314      
25          -1481.3719011394528      
22          -1485.331982457931       
19          -840.58433875946707      
32          -1621.4618184285077      
34          -3522.2309951946354      
30          -2797.8815885546965      
18          -722.74984570634035      
19          -572.18626699678259      
22          -1089.1875798948213      
30          -1498.8777584725399      
29          -2330.6936885081755      
36          -2276.7631145945911      
28          -1500.1936793770453      
20          -1003.5780904246958      
17          -513.77668099317748      
18          -565.67992304780034      
38          -3206.5837857802326      
41          -4392.2133347397776      
28          -1760.2624342307545      
26          -1129.5276799174933      
21          -1478.7257092222821      
13          -537.90287405081835      
28          -1530.310562306543       
30          -2274.9064394266888      
33          -2640.1411025962148      
33          -2368.0494863378531      
25          -1700.7463805787083      
22          -1157.2970738468637      
32          -3004.1017607233375      
27          -2184.2756478758852      
23          -1408.485407874834       
22          -1071.0911286969074      
19          -896.08908400500945      
19          -855.19503235236664      
16          -605.23124803590622      
18          -742.00988089444502      
26          -1332.8464797342119      
28          -1496.3243585192033      
26          -1846.99658772629        
41          -4380.6891966550247      
30          -1607.5974289128796      
37          -2783.7126563796646      
32          -2006.7491780718203      
35          -2531.6592546033876      
25          -1883.2944239232893      
20          -688.21277264168896      
33          -2821.8627584620799      
28          -1742.6620133943363      
29          -1638.031621664036       
31          -1996.0831574544181      
23          -1683.1065564325206      
26          -1663.6006730232555      
31          -2528.0202787637581      
23          -1207.1094236692813      
25          -1323.3013854628689      
35          -2900.1204400133502      
37          -3680.8117764188642      
32          -2094.1707067052721      
37          -3483.7274213858755      
17          -527.91887776153226      
17          -577.82027731108019      
24          -1090.614405826286       
29          -1797.6733198659454      
20          -967.97288702351455      
23          -1303.2142350017482      
28          -2227.2418924699646      
14          -661.85032772056377      
15          -580.43468572229983      
11          -217.60132448125071      
29          -2443.0403198263016      
21          -699.38783479296251      
27          -1624.267828092934       
20          -1240.8989063649012      
27          -1845.3337108725459      
22          -1147.1119930284358      
18          -918.04925373137507      
22          -1888.3288467734558      
22          -913.24820521011338      
29          -1748.7645504804391      
22          -1259.3415176947722      
15          -381.05916813189168      
24          -1027.0607589155804      
34          -2802.3535313502316      
29          -2674.2981214681481      
24          -1209.0063504633449      
30          -2212.2858684251746      
25          -1493.0253453470687      
17          -866.32812249728488      
29          -2376.5496905971727      
15          -763.55885811406461      
36          -3114.0929223659555      
29          -1456.8750365959295      
42          -4310.2317888424423      
29          -1703.7694896755922      
38          -2784.8345933837772      
37          -2288.0773400792486      
23          -1471.0926309087106      
16          -730.52823103357775      
16          -299.7499634393584       
18          -939.16598086922386      
23          -747.01674387288631      
16          -961.48136399506654      
28          -2827.1922606077478      
26          -1552.0356590389522      
25          -1226.2323440900859      
22          -1067.910556480658       
20          -715.94095624956799      
21          -844.5445055660324       
22          -1106.3240676489677      
31          -2661.9296983195263      
26          -1508.6070293532737      
35          -2881.2117960848614      
29          -1642.1643342742373      
24          -1389.0082506174185      
30          -2464.4050205492181      
28          -2455.1176422660756      
26          -1288.1348803528608      
29          -1748.4006559082666      
30          -1805.8448827695718      
21          -1199.5312878875807      
32          -1932.7254750633476      
29          -1766.4000698971349      
20          -775.24878848202582      
23          -2032.9647377850993      
24          -1721.2123055987201      
33          -2394.8015830127133      
29          -1630.3763880737565      
24          -1173.8033802254863      
22          -1050.1606389887563      
22          -783.72756591697248      
16          -410.89570212653712      
22          -1188.5822922003158      
29          -2658.0887712030899      
23          -1673.3601759715038      
26          -2108.5364156728615      
32          -1994.9225354959337      
19          -1015.2867675698607      
36          -3177.1066184034685      
30          -2108.5328521715601      
31          -1849.1785049596715      
22          -1032.8020438070184      
25          -1308.2935803750179      
30          -2168.8218739877952      
28          -1984.6002744331422      
24          -1283.4191023046726      
25          -1246.9062193853613      
25          -1876.5689375237644      
41          -2948.9123669035675      
28          -1740.7281802420646      
20          -832.62280298631117      
21          -1305.3692349932674      
15          -214.0529954662332       
27          -2295.8319549110925      
26          -1069.3921552306099      
16          -954.54860912643892      
25          -1316.0391543682269      
27          -1689.7388294065954      
16          -615.03197422323649      
16          -550.56301705257442      
21          -955.66084808240191      
24          -1276.306000219621       
21          -829.71225738027726      
36          -2824.2764583953308      
38          -3320.8513934055268      
18          -849.40552840339035      
22          -1281.0926839812598      
25          -1483.1382389312816      
17          -931.08767483882036      
16          -566.88476080872624      
32          -2316.6526046026911      
25          -1684.563441266534       
23          -566.63168617169777      
21          -1364.6345488184963      
15          -380.52148299721802      
20          -874.15812666474221      
26          -1917.938317446482       
38          -3085.5013335566318      
33          -3076.4281835273655      
37          -3699.2695736467736      
27          -1900.208258873912       
31          -2706.1086756129675      
32          -2880.4360822135081      
13          -425.70448846446038      
17          -674.21807171141006      
18          -950.5663158322626       
22          -1151.1643485069412      
30          -2557.4154398996247      
23          -1259.7888312898331      
22          -1146.7056857368698      
24          -1233.2108333644967      
21          -512.7875191908854       
24          -1256.4787776528706      
30          -2135.2435074124628      
31          -2313.0842672993172      
20          -984.68046884892942      
35          -3936.1976681960841      
26          -1068.8686608788139      
25          -1480.4556202223871      
24          -1340.8321093523712      
30          -2700.7622030849502      
31          -2436.042394767871       
30          -1809.0812968484959      
33          -2428.3354601175856      
31          -1852.1324551273078      
33          -2775.9988278238748      
32          -2216.4159836153367      
25          -1673.696076425475       
27          -1509.8674664788616      
20          -486.85661642253456      
20          -921.20969965192955      
32          -1832.0156923069605      
28          -1371.3050280776065      
41          -3757.2584140015533      
35          -2846.8157149779272      
14          -470.38159847766804      
22          -1359.4162638806545      
26          -1322.5365799594706      
34          -3035.009808224806       
33          -2639.3862425225307      
46          -4009.0652481036009      
48          -4922.0652805219743      
17          -425.75063929658683      
16          -469.13234271219147      
27          -1687.9904347477468      
24          -1509.5966378695807      
25          -1371.7881111177192      
19          -767.07627931443199      
21          -981.61546132227727      
23          -1314.8541480301569      
20          -1008.207451885957       
37          -3028.0608089062302      
29          -1950.8853867568334      
29          -1793.1054444960225      
25          -1168.3497336188104      
14          -645.0408567649099       
33          -2523.2372876791292      
30          -2512.9482920045539      
30          -1604.3443390414122      
37          -2953.295108129108       
20          -582.31550377551514      
22          -606.39198464860988      
31          -2323.2114397991209      
28          -1930.1156012390136      
34          -2940.3789341753954      
35          -2768.4276656260395      
45          -5128.448668019556       
33          -2732.0534082484955      
19          -606.1981490481536       
23          -1103.6920986688851      
34          -2721.6106279956052      
16          -710.62255486020456      
30          -1936.1786217389288      
27          -1672.047150442696       
18          -831.78986373617852      
23          -1395.8033144875967      
28          -2099.6079906917003      
35          -2966.8503060618987      
21          -538.9364760779365       
25          -1588.5453407266866      
27          -1709.4794866264958      
32          -2249.9900150406907      
11          -247.73666174396996      
22          -1085.3540089652795      
23          -1227.5289305127956      
28          -1652.0269525004921      
26          -1862.5174649891028      
23          -1231.4605774926133      
26          -1771.1812720585635      
17          -612.33889155373208      
20          -1028.528184008539       
17          -238.22609571160942      
22          -1008.6885816795686      
37          -3222.6031420631489      
23          -1933.6052229236548      
14          -143.94085556936847      
21          -1172.7457877416145      
27          -1326.1301791904673      
29          -2084.698626019825       
16          -515.43706592162187      
22          -1496.088165491605       
24          -1261.7702853676806      
20          -573.18086743445508      
19          -1526.1251830448498      
26          -1649.3255344523377      
23          -1879.2994120656303      
21          -1058.4024374848088      
22          -1025.1138208440186      
14          -307.13112235520703      
17          -729.49225261298352      
24          -1079.1987172289132      
18          -689.00117718848765      
24          -1421.3181287878558      
26          -1912.3517639276711      
23          -1399.7033419432601      
24          -1183.7140054977713      
21          -1879.5101895696966      
18          -533.45486127595518      
18          -405.01568959734175      
21          -764.43766590943881      
22          -716.89645179743911      
27          -1966.8274387974993      
22          -1066.8219063982467      
36          -2649.1512077150905      
20          -1051.4790575664776      
25          -2289.395900240645       
22          -896.36469782137999      
24          -1398.1104028386508      
16          -517.77118346531347      
22          -853.2452701265197       
35          -2478.0753481099605      
30          -2448.9368537604955      
33          -2168.7747910710386      
23          -1111.815727212497       
20          -791.26081216710122      
29          -1753.5257928760802      
31          -3047.742169357527       
17          -521.33110679677122      
30          -1886.9795629246069      
20          -1035.657616847597       
28          -1637.6402844155496      
43          -4553.4434954654689      
26          -913.48204496048163      
18          -728.5255867961821       
27          -1600.1596879234082      
30          -1948.9714399861239      
28          -2110.1675263004195      
19          -720.52563361500563      
19          -643.51677960149652      
13          -278.76160349002009      
21          -1303.1144276664229      
29          -1467.5564131951019      
23          -1616.3151857543457      
33          -2997.352562057154       
13          -306.71787916337576      
26          -1677.4985417472776      
32          -2720.6445831457522      
33          -2917.3896629687538      
16          -481.47195056406963      
22          -1330.7521553619963      
27          -1543.3541654128871      
36          -2428.7047559942248      
39          -3093.2563666095543      
40          -2979.5469001283282      
25          -1656.8045235522129      
38          -3015.2746604277436      
29          -1738.5789752136811      
24          -1024.8025735094357      
18          -744.82269088653277      
32          -2274.5960194656395      
24          -2213.8391752602397      
22          -1102.2282093422104      
26          -1155.8511247572133      
18          -711.6959221083298       
27          -2087.7987791919559      
24          -1185.6150261160897      
31          -2281.1472945536598      
34          -1896.8550106840621      
43          -3814.442422238204       
44          -3917.539736243848       
32          -2093.7695491943173      
30          -1639.5961693364916      
31          -2185.8352367411594      
15          -599.85355870469459      
21          -914.00759971799766      
31          -1832.5158701017306      
34          -2309.7081643725401      
24          -1124.8921661257273      
21          -1130.146330816586       
25          -624.05608953378851      
20          -1152.577213604251       
29          -1885.7000396300107      
29          -1440.0092513763718      
25          -1044.6232340590748      
36          -2596.7137428674509      
19          -1005.9484914616969      
26          -1784.6973500125337      
32          -2616.7337008644181      
36          -2458.5258102043722      
35          -2743.7896210713766      
18          -571.3500042637038       
16          -419.87881206333589      
21          -1106.4447925376753      
27          -1028.0514429056052      
26          -520.98057493407327      
23          -1623.8497848640045      
40          -3923.556240999787       
19          -954.03981168648193      
28          -2036.9399763221954      
31          -2289.907833311619       
23          -814.0467356643959       
25          -1283.2676783494148      
20          -679.51602411512556      
16          -603.54881812094732      
21          -1535.9958325173614      
25          -979.7348801309372       
27          -1495.3640517816698      
23          -1367.7044842368084      
18          -516.08476942304446      
23          -950.57712367530462      
29          -1728.5907266328884      
29          -1953.5266102291068      
28          -1527.8841753441582      
31          -2547.9844523025022      
18          -552.35378957859757      
19          -1169.619910642396       
11          -307.6166298328688       
20          -729.90102782111137      
26          -1355.7628540208423      
27          -2002.6699362299435      
29          -2147.7927093414519      
21          -740.71641408180187      
24          -1722.7842846455319      
30          -2236.9384136728868      
24          -1313.8178919457987      
19          -890.30833955783135      
23          -1494.3457402460383      
27          -1614.6735307982981      
33          -2745.5195181564086      
20          -794.98920111943858      
25          -2260.8078989121968      
37          -3805.2549920618785      
24          -1140.7926470135089      
33          -2651.0200287562943      
32          -2798.2720251742376      
25          -1055.8729220206087      
20          -793.18717013143805      
28          -1628.9433366024216      
24          -1282.8976626534843      
14          -698.31083839568669      
17          -1025.355086970058       
28          -1554.8396659464538      
27          -1668.152694142613       
27          -1687.8750318366015      
14          -269.90483090587929      
17          -670.42976595997823      
27          -1913.9051098022564      
33          -2104.6164951680853      
19          -558.52011285203105      
32          -2494.4049778183785      
29          -2442.1235269537692      
33          -2908.4432651261313      
29          -1729.444083903745       
31          -2421.4757350045752      
33          -2697.6761110953721      
17          -538.61517024411194      
18          -576.83535699776712      
18          -353.45514140306631      
21          -759.76288428595433      
18          -1049.3354445594669      
20          -1092.299004575983       
17          -875.20065889291072      
25          -1839.1713349637366      
31          -2111.5846256785744      
22          -1310.7823136519542      
21          -754.6458337087347       
12          -270.09421974519842      
24          -1773.9000359601048      
29          -1451.6680261323979      
24          -1584.4483508782653      
26          -1463.8507101849286      
18          -543.41816554312425      
22          -1121.9222671902735      
31          -2399.2466013080148      
31          -2062.9583802347192      
35          -2378.1728995904527      
25          -1121.7858945750284      
30          -2191.7172738280065      
42          -3199.408576580222       
25          -1186.8605364907685      
17          -541.64233848856372      
18          -790.10885865137607      
24          -1187.83970203286        
12          -79.207137560617497      
23          -1561.2308102439476      
19          -843.34359982199294      
18          -649.56008362950479      
21          -587.91733819466606      
24          -886.26938839880791      
29          -2440.4242208009205      
27          -2172.364780605476       
28          -2359.3124669953368      
20          -605.50133654810475      
31          -2463.7702118420498      
26          -1567.7644069245323      
16          -129.83662276041997      
30          -2185.695641937416       
27          -1133.029111238842       
23          -1291.6245404915451      
20          -529.5402567598702       
25          -1175.177358278627       
13          -676.82217366738598      
13          -305.81879556384797      
21          -484.35857544161922      
27          -1710.1256636090202      
23          -1461.0363269886209      
18          -821.93805032320165      
23          -1370.4997559431361      
23          -982.17301681046536      
29          -1503.9648799830431      
30          -2065.0953429073197      
35          -2215.3575049157303      
27          -1159.52335762953        
24          -936.15223658426783      
24          -1714.9038617685187      
22          -1044.6721845458767      
20          -1053.4955477408878      
17          -874.50509990449382      
28          -1301.2819099971546      
21          -792.73663599976817      
36          -2979.8194499772285      
22          -1415.3177282812376      
24          -1058.9947113858893      
18          -507.61390653312145      
27          -1468.9082220761723      
18          -833.13457450903036      
19          -853.61073266444782      
23          -1068.897969570849       
20          -655.0325760497833       
18          -542.90695598389311      
24          -1318.6552712011501      
21          -493.11660146983871      
22          -902.84663378401751      
21          -828.37559543530426      
14          -364.78234781923993      
22          -979.35566373177596      
20          -1089.8386625185283      
23          -1085.8792325254258      
21          -976.26447356756455      
16          -765.03765784512348      
21          -730.18699162588382      
15          -875.84624611300239      
35          -3408.2377821049304      
18          -599.65032316946906      
28          -1569.6865658702804      
18          -551.35584605959525      
15          -649.43474289289247      
18          -634.32226391405504      
25          -1565.3007126386281      
22          -435.14044911260515      
26          -1539.1859569424901      
20          -759.39450265464438      
23          -957.60479452641198      
31          -1783.0682348041689      
21          -532.4324711690715       
19          -866.10797157566822      
33          -2928.3552823388645      
24          -1003.0075244767786      
14          -514.47831820010833      
25          -1305.9531913711526      
18          -984.52596518286805      
18          -591.84886718432927      
26          -1458.7986030245438      
19          -691.98054609148642      
25          -1177.8212310081669      
29          -1874.5714625129647      
34          -2368.9564568848546      
23          -972.82753577172139      
19          -841.00217327639143      
20          -931.78158190110264      
15          -341.46423555636426      
18          -662.52883583056439      
19          -1045.9033141770419      
32          -3033.8090632884509      
37          -3033.8994257078939      
30          -1957.9200108584598      
34          -2565.6904495033332      
30          -2500.4204121596977      
36          -2590.9270824376031      
24          -1029.2604054009194      
27          -2462.8759922832805      
23          -1249.3217151273745      
12          -249.52805915524812      
20          -909.26258083170683      
18          -598.90966377820905      
19          -507.43412249513625      
19          -800.17879284406331      
11          -336.97885662212809      
23          -1452.7434487952912      
16          -394.89121934040389      
17          -805.11508489926166      
16          -497.66948368803429      
18          -711.86015709175138      
25          -1082.9454820553194      
12          -331.28864942790113      
24          -848.7174142253624       
28          -1233.1267141381704      
18          -724.80518388391226      
32          -1908.5501965736451      
19          -493.47229938943025      
19          -1445.9913412302469      
22          -1382.6477188601843      
26          -1087.6096832574458      
22          -1320.8323771541905      
23          -1105.0259152432777      
25          -1215.9955615462638      
21          -1013.4658697538601      
19          -723.95096205442212      
19          -1043.9810377469862      
35          -3034.7495268499142      
30          -1647.0192187970908      
21          -745.43355889870043      
26          -1711.1641681699032      
21          -1381.4398333776221      
30          -1849.3887957479631      
21          -1288.950152809289       
23          -822.30286018974164      
23          -1394.3785504433508      
27          -1796.8564674414226      
29          -1811.9153520484761      
26          -1539.1909071025204      
16          -485.46815825621883      
14          -297.96265603904817      
15          -324.80175881498326      
25          -1894.1968628945906      
26          -1955.4437605510243      
30          -1912.1977514087152      
24          -1700.2492952135999      
28          -1872.3980587756575      
26          -1574.861931242225       
15          -520.25878644708609      
18          -932.11768160497718      
21          -1157.2811748284009      
23          -1133.2667374769326      
33          -2273.3122438607525      
19          -781.1720938048943       
22          -1640.4245208560183      
24          -858.62014039469784      
15          -604.34148191748272      
20          -949.02544345680667      
14          -597.13244502772102      
18          -624.07901201589425      
24          -1419.8286598727504      
16          -503.57321631849385      
19          -580.51810631867784      
24          -1767.5593514234668      
31          -2373.121454518006       
24          -1060.5185421848646      
21          -1350.5962921172263      
24          -857.55749184616957      
21          -999.30881684459121      
32          -2281.7272267283192      
24          -1497.0341980300477      
19          -696.51890717131744      
16          -420.68949242920922      
16          -404.69595258423772      
19          -1399.1286716550142      
21          -840.82252393879298      
20          -1185.5291983448685      
21          -826.50549181610495      
18          -427.92569959470688      
29          -1955.2366137310487      
17          -534.37836401655113      
15          -646.81514242494893      
17          -599.83649735815459      
22          -619.43286889369165      
20          -983.49280890889816      
26          -1654.2349831398164      
20          -1036.1616650801905      
36          -2285.056883466837       
22          -1067.7335250234185      
25          -1346.291803940393       
32          -2140.6782708346559      
31          -2113.9742630576584      
15          -565.04524011369006      
18          -624.68798739264537      
21          -985.9738288892413       
29          -1374.5074480803121      
26          -1374.4269804313212      
23          -1155.678568319654       
13          -54.210905939385924      
7           -345.52800662954104      
12          -467.89398849162922      
24          -1174.0100486377933      
23          -1636.6389833162546      
24          -2310.5593014764268      
27          -1498.7417218046098      
23          -1108.1252423248854      
33          -2487.1684572720847      
33          -2498.1957864114934      
18          -1163.0450533363799      
29          -1912.3289336304967      
16          -893.48648303905929      
17          -535.00524659708117      
18          -704.65887233950514      
21          -732.30664989207492      
16          -492.77872699952849      
21          -1075.3899082857517      
28          -1382.2010918141241      
24          -1594.0934285990386      
21          -925.1409688200049       
29          -1947.7132387776337      
34          -2952.4533856836965      
28          -2145.7264527941229      
35          -3119.2127874998428      
32          -1990.8760250889909      
13          -272.67405603583683      
22          -1326.7031940075562      
33          -2371.8513594941742      
31          -2132.4471413168312      
16          -717.49618745517853      
16          -881.1399664503997       
23          -1246.189436532638       
21          -1612.1922298421364      
18          -859.48097233519752      
37          -2492.0499492587314      
40          -4006.219541694652       
31          -2599.4294899260076      
24          -1602.1156491568204      
20          -926.4610453948452       
24          -1374.1769626384034      
13          -264.37246412152319      
22          -965.60939059333032      
30          -2009.4462171873281      
23          -1218.6712201368464      
23          -1293.2973626799164      
29          -1445.2575432884871      
29          -1515.2736837175289      
23          -1667.1238227662179      
31          -2139.0592791179874      
26          -1383.9035196877348      
30          -1541.4587849550576      
27          -1450.9349954838181      
18          -249.45852937566974      
19          -416.65422801455861      
23          -1105.979014373881       
26          -1096.4334718239313      
21          -1521.3809053290361      
18          -800.18879223707518      
29          -2232.0367525624347      
27          -2014.2587802454855      
22          -700.14341338110785      
28          -1595.5295634853856      
9           -295.00058729150703      
21          -1204.0169147802526      
14          -186.16277078276883      
26          -1399.7646384681345      
23          -1246.1041779523623      
18          -856.63713890249107      
18          -815.23671602773697      
22          -695.16445868316055      
19          -605.20819797825357      
24          -1141.1647528174351      
23          -1148.0776238629239      
26          -1149.4625753815212      
37          -2975.8661046558086      
33          -2123.1946438382934      
14          -595.41237487179728      
23          -951.46898649992715      
18          -761.66720631496139      
18          -1067.4908793235124      
30          -2116.0461288549468      
31          -1806.6916759713304      
14          -479.18463832318895      
28          -1669.2725855734509      
25          -1514.6229848541295      
23          -1651.1640557747548      
23          -1095.6797068955984      
38          -3883.2106979966989      
24          -1186.6214613482396      
24          -1341.5092034518955      
22          -1169.4463614295487      
33          -2606.0466572497367      
19          -903.51243961202465      
27          -1474.8830173102142      
22          -1258.4075160184186      
22          -821.75589151995223      
26          -1406.4431125314509      
16          -365.28750957890503      
26          -1465.6408502966074      
20          -522.00487786917131      
28          -1609.4325438651558      
19          -1117.7114612926953      
21          -503.0857764196295       
28          -1431.4303727280615      
22          -934.2744620279276       
18          -536.4892177355772       
20          -1190.671974163386       
19          -868.41784451511683      
31          -3080.5369929007529      
34          -2227.4632910047153      
37          -3089.7084166375334      
33          -2832.6219934509218      
18          -638.53680425454297      
18          -718.39537630174618      
21          -898.8919051968553       
30          -2694.0284337304324      
23          -781.22044716711616      
29          -1535.1947584298305      
29          -1100.0833974320522      
25          -2005.8696828556178      
22          -787.91106105199651      
24          -1421.8912815688793      
35          -2916.7438359967164      
32          -2596.9273504519297      
13          -348.4483313754705       
19          -738.1083317163766       
21          -921.67132343302217      
22          -1931.9270868822848      
21          -1121.1299951733672      
21          -1065.4512121188291      
17          -723.71804931832412      
19          -809.55259409012353      
19          -620.14138539379064      
22          -1394.8192326699304      
22          -1413.247103134574       
24          -1625.9554228929335      
37          -3185.6876875683561      
34          -2668.500150688998       
15          -681.54523531439736      
27          -2081.1031808019675      
27          -2066.7323231207911      
31          -1630.7688094249897      
18          -777.64163906456827      
17          -785.60113442265538      
25          -1861.1806980653639      
29          -1655.6824061526886      
40          -3730.6617605164934      
25          -901.18479578757308      
24          -1332.7587782737294      
25          -2149.6781575990135      
38          -3575.0693091116332      
30          -2644.392372586557       
28          -1464.5320223594283      
35          -2914.7164032372143      
25          -1354.5582722277663      
21          -790.61253645817135      
15          -382.52722183583802      
21          -1104.1236758518407      
16          -451.18906085073979      
30          -2781.177212631284       
22          -1060.9166900824534      
31          -3485.9861538739847      
22          -1476.4416021888053      
22          -588.05017734742546      
17          -764.33332584746404      
22          -741.59929263043864      
12          -285.16538720098862      
22          -1294.0253610857801      
34          -2852.352103261253       
26          -1429.5695516287046      
28          -2111.258580083942       
25          -1479.3918330474969      
26          -1733.242185664825       
22          -848.16370799991557      
19          -655.07692251459662      
22          -899.70379823532755      
18          -632.20686313408908      
21          -1723.0794937284797      
30          -2835.7693711430998      
19          -1097.0393926730949      
31          -2166.3883427552109      
14          -479.45236175488247      
23          -1706.7290770140426      
23          -860.89727980413636      
21          -925.39925001649328      
15          -614.3239612203713       
14          -682.4204078512397       
14          -382.87537876731722      
25          -1419.9403706694388      
24          -1380.7062587775517      
15          -469.29691647743925      
27          -1319.3699591487334      
17          -772.73171862306037      
26          -1619.7467265045932      
29          -1400.2188080217095      
25          -1534.4065951850334      
23          -1022.2292212352573      
17          -760.28240758917207      
24          -1193.3848034955647      
20          -1076.4286751566347      
26          -1695.5197240580796      
30          -2417.0131226974345      
22          -1464.8572539038223      
13          -334.04497359244385      
20          -981.55765725694823      
23          -1365.546159813252       
33          -3162.7873952227314      
30          -2575.1766770722697      
24          -874.1817181675915       
24          -1275.4246798500812      
18          -530.65319335586935      
19          -896.1378574952131       
24          -1421.2277903092286      
26          -2127.3595158013013      
21          -630.21369386377091      
17          -712.93004808429555      
22          -1094.8307710297759      
25          -1282.7160909292854      
24          -1252.6590550372709      
43          -3757.2302185594885      
36          -3201.6931924513497      
36          -3129.3479231434658      
23          -988.40072539839321      
25          -771.08921637464846      
34          -2850.3968395990714      
23          -1081.7846260758361      
33          -2571.8088488509129      
26          -1633.2260392542951      
29          -2538.2726997495292      
23          -1098.534192695603       
20          -681.1060559837631       
21          -850.27074633816756      
27          -1425.8739432564294      
25          -1545.0893804328398      
37          -3400.3180637378937      
34          -3680.8143135447863      
33          -1918.2685535894252      
13          -543.44494000364568      
29          -2181.3479612093247      
21          -1139.6065190106358      
17          -773.11836031730559      
19          -605.38105442853237      
36          -3488.4099551935542      
24          -1934.3348778062789      
12          -201.97674927489777      
24          -1300.8843961254952      
18          -712.97109200737862      
30          -1983.8798877898244      
27          -1332.7739568395987      
35          -2746.0913624758614      
32          -3220.1395068519414      
12          -530.96879017881076      
27          -1439.7543130437537      
35          -2445.8771462993686      
34          -3935.6504280727349      
26          -2507.5630774020383      
22          -677.55809378922243      
20          -926.19193605309306      
27          -1666.6388378932279      
27          -1469.4237251567724      
11          -365.09845841521235      
30          -2311.7895195116703      
29          -1382.1880599974459      
14          -330.10206300902666      
21          -872.56551074007655      
20          -818.60663897585925      
18          -875.64229889050046      
26          -1566.2618216997791      
20          -882.6382901346642       
19          -1286.3883051216994      
28          -1963.0397911392502      
35          -2844.746359404653       
33          -2635.6712545876885      
28          -1875.6363805585288      
20          -907.26364286865055      
20          -1237.7235677072329      
16          -589.09147274199927      
23          -1122.6975825489214      
37          -2392.4404407156007      
21          -1218.5453752105805      
21          -1024.5267824705352      
38          -3182.0191389080715      
36          -3647.613901723797       
30          -1973.6428435297203      
26          -1519.2760633690009      
25          -1727.0539733706044      
29          -2399.1643994283086      
13          -273.42883759307847      
30          -2557.2773994136724      
25          -1210.8415916422732      
38          -3613.3178934105576      
28          -1386.964579157152       
20          -763.50981001472587      
17          -689.51840492256167      
27          -1418.3988928500798      
23          -1187.9418122162344      
24          -1311.0066994000108      
22          -742.22776233570346      
18          -626.35056409575213      
19          -566.8597154941383       
26          -1456.5213030120574      
17          -941.32896846775225      
17          -652.32338134223085      
32          -2689.4866181545472      
29          -1576.0394157252963      
14          -329.35760076745134      
24          -1331.9147503608328      
23          -1041.9562535257839      
21          -1128.0719192000934      
35          -2702.4256519396299      
31          -2316.5013556588688      
40          -3292.4149780620414      
29          -1207.8804010979079      
25          -1397.9174259181841      
31          -1536.1471894853428      
23          -2025.476332346763       
27          -987.47299049353842      
26          -1356.5078909206429      
30          -2272.6926319890636      
18          -709.39028075140948      
26          -1601.9452482890013      
28          -1618.2290897916068      
23          -1123.7776792485777      
22          -690.30624247723358      
24          -1546.0597167144797      
22          -728.21689457365142      
28          -1406.7189815762727      
18          -796.34306799914555      
25          -1556.1361905426249      
23          -1185.045300750807       
21          -1487.9903526245812      
21          -948.65672178692296      
27          -1137.8157911158494      
26          -1372.6734066080478      
30          -2132.9316005406995      
30          -2039.3605236593717      
30          -2190.9773483773965      
33          -2125.5193669466366      
31          -2360.2724234680281      
24          -1535.8292372469439      
27          -1621.4959817044578      
13          -197.60054589988545      
22          -547.71828801848051      
25          -1361.6841501756658      
21          -1119.919526753321       
28          -1476.6979812517479      
24          -1343.6326214438884      
23          -979.66505616566451      
30          -1838.8410094982171      
24          -1386.1082115665656      
28          -1355.4925784104917      
24          -1097.9514695236662      
15          -625.96916024241887      
24          -1739.1830644875017      
23          -1434.4925676541036      
22          -617.55803799592127      
23          -1152.6950846068532      
26          -938.77244486567724      
18          -889.24541743074656      
27          -1357.9827412727086      
21          -821.97278845281323      
21          -1242.3196225309716      
17          -778.08535985018352      
28          -1185.32009945857        
27          -1598.7259013350947      
25          -1810.4900233483088      
18          -705.80844130683272      
17          -760.26309054032583      
17          -636.08160102849342      
21          -818.75471175900407      
13          -344.2237449971409       
25          -1432.2617643837382      
39          -2934.0502447753051      
46          -5035.5173135903515      
52          -5562.822882534897       
31          -2154.8532346221828      
18          -861.33420206308756      
25          -1924.112121951149       
17          -878.35786207327999      
10          -282.75093485072301      
17          -1176.0859060996538      
18          -643.72270977820472      
15          -856.93596100790614      
16          -179.87702293557041      
19          -922.56642510044628      
14          -343.20147914244035      
13          -303.7465120564728       
13          -263.30267853628311      
18          -724.92702916233782      
20          -951.46491339765203      
25          -2031.5554132462851      
29          -2219.4544302973791      
29          -2164.9405378837628      
21          -1150.6563336974846      
17          -395.00980112674029      
14          -245.30402984142265      
13          -111.08823198013366      
21          -1227.0677265839981      
15          -518.78180675241504      
23          -1215.8922764582562      
25          -1787.8228447823019      
24          -1147.9361905190297      
30          -1726.4310029557046      
18          -1106.9735498926607      
22          -1377.6129154240252      
15          -400.18380428822968      
15          -434.62746943175642      
37          -3147.1084185547397      
32          -1849.6907911142494      
24          -1096.0923861310589      
20          -788.16230629161487      
19          -1097.5637276083307      
19          -711.95561919870056      
36          -2727.2474417744606      
23          -805.3817764305744       
23          -1613.7644561918064      
21          -1348.3352591505798      
14          -622.38203368916345      
31          -2447.0170790018115      
31          -1850.7509479194944      
27          -1341.2775991837279      
24          -1542.4224269306997      
21          -1033.8667381459352      
25          -1304.4633300281703      
25          -1627.3800694833637      
21          -970.68517135116065      
35          -2647.2719364991312      
29          -1760.5749749691824      
28          -1267.4155325011191      
31          -1151.3441354310467      
23          -925.83094540359241      
10          -92.667487514778244      
21          -947.10674978526015      
17          -541.16348783680428      
19          -587.90428874170732      
20          -422.95029641346787      
18          -1387.0528560182188      
29          -2012.8288560849721      
18          -740.9135332773044       
26          -1295.3843587263996      
14          -630.54005078065074      
22          -1006.1226355644498      
38          -3873.2728049606094      
19          -795.24498128329219      
26          -1581.2997607402717      
28          -1674.2661010735203      
35          -2193.4419467192611      
35          -2635.8130339659779      
25          -1082.8595702518473      
44          -4779.5197956702186      
34          -2328.1139745733999      
29          -2723.2423882715029      
26          -1644.8995802673965      
18          -495.48885038852308      
21          -1278.6034983732548      
36          -2959.7681381232806      
26          -1872.0768530911917      
21          -1155.2561493406884      
35          -2720.4792703735438      
26          -1829.4792811047773      
14          -552.33985474833423      
24          -1609.7008510143376      
29          -2178.9080502470711      
26          -1274.8392386860296      
16          -392.24550137769398      
25          -1201.4759412801468      
19          -867.260982145664        
19          -745.06344844709201      
22          -1173.240014384015       
30          -2983.8084202205996      
20          -782.66263770854118      
17          -388.35952365519182      
25          -1403.0820946678948      
27          -1806.1592837103772      
24          -1024.5673792070954      
29          -2686.1748663369326      
30          -1656.9705243321096      
34          -2162.5397311503361      
26          -1607.6602429242243      
25          -1908.039389673499       
24          -1360.3134170600185      
20          -1020.5356874329952      
18          -750.78612877533658      
22          -1251.0189139413803      
24          -1761.5328435253764      
37          -4034.8102502927577      
23          -1609.3172165197129      
28          -1536.5042706652298      
21          -1077.524303740842       
14          -670.76844591530732      
25          -1762.2519425869436      
12          -398.76456065520745      
19          -728.68828504922419      
35          -3098.4345728435187      
34          -2567.6439435538077      
19          -899.48496983260202      
10          -245.58174585035468      
20          -782.47998759917846      
21          -1236.7290787625423      
30          -2542.1625552011442      
30          -2230.394196874337       
28          -2028.6359845668337      
29          -1753.5536029937157      
11          -851.94298914348508      
29          -2023.284696220361       
35          -2779.6191074049707      
36          -3263.4825774019978      
35          -2248.5745587730066      
33          -2004.916075768705       
36          -4060.9058600274429      
30          -2225.4662672620984      
36          -2464.0592599121078      
28          -2384.0514364429873      
15          -763.52795344434912      
17          -853.9172734574405       
19          -665.32863724357446      
16          -648.61165528765446      
29          -2102.6432746105252      
33          -3362.6940916043472      
28          -1903.6097467632562      
21          -790.29990541062489      
29          -1625.7416097819523      
16          -830.52221707081105      
17          -889.4180660291812       
25          -1929.7733041983377      
26          -1192.5446189298461      
23          -662.88457509382818      
22          -1076.9513191685371      
31          -2535.5705175098269      
28          -1853.0334756522454      
25          -1203.920517788606       
24          -1314.3519253449615      
24          -1479.5225346067991      
17          -586.39841230669583      
12          -394.45120901526423      
20          -857.78784952414742      
22          -1238.0634275074856      
18          -1295.1751310178111      
27          -1726.0534920091277      
26          -1873.8686059773165      
30          -3035.4311823104545      
22          -794.12273972568516      
16          -527.91992785703894      
23          -1059.3760746339658      
27          -1720.2250075889797      
28          -2136.8763049583995      
26          -1917.877326248873       
20          -921.98838349920641      
20          -829.57172731979665      
31          -1978.0079944759411      
15          -265.51015720705118      
28          -1992.3593743338913      
34          -2907.845105606722       
31          -2425.507686886303       
28          -1167.8049131427331      
32          -2419.9628090849228      
34          -2419.9306733135468      
31          -2191.1154683126047      
21          -937.57844374112562      
25          -1741.9540422915654      
28          -1653.8849675465974      
38          -2910.9897415429382      
33          -2843.4452190389511      
21          -851.25713891818498      
25          -1250.7277977397498      
24          -870.13804058244909      
17          -706.03812301799826      
21          -977.25772511146113      
25          -1359.4938640274099      
25          -1468.5966022969656      
37          -3279.1157586930481      
23          -809.07452931894102      
20          -1104.0462848318316      
43          -4552.559765822155       
44          -4591.6541763280975      
26          -1810.352776961445       
27          -1598.9903043364991      
24          -1414.7212256807072      
28          -1752.7489488064703      
33          -3161.1964782771865      
29          -1603.6273172811941      
35          -2964.0279423116572      
22          -1335.5696140995044      
15          -656.18673495264864      
33          -2822.6042154246093      
13          -450.41620625624012      
25          -1333.1277738212375      
21          -1147.4302422885837      
34          -2594.2378466484765      
30          -2463.7537979940066      
28          -1642.0878668047367      
25          -1115.5497654145161      
24          -1279.222092866843       
32          -1616.6048767193586      
29          -1698.0322741796713      
42          -4374.192119019337       
34          -2991.7806194805157      
22          -862.99561343276559      
21          -808.25605524157015      
32          -1895.8324214422144      
31          -3114.1267579921841      
33          -3294.2153274277093      
18          -859.72186003209788      
14          -391.05078540422096      
24          -1161.7692993905237      
24          -1731.5742021714509      
20          -469.21972800002823      
26          -987.42734407523085      
19          -1060.3776739128893      
27          -1407.5289911007503      
30          -2144.3289893621895      
18          -965.42934205663687      
16          -539.21100340429291      
19          -663.60341048601288      
26          -1531.4591338803191      
32          -2132.6706782944602      
19          -887.44857182094916      
13          -323.85554664925269      
27          -1796.3765649381503      
20          -747.44826492974755      
22          -1045.5619109948498      
20          -638.6195377341503       
27          -1821.9191861318425      
25          -1038.140680018055       
22          -999.91172815583832      
23          -1237.2379356995195      
21          -1128.7218530952262      
30          -1907.3862106081065      
30          -1762.6157374166728      
24          -1234.2010284467219      
23          -894.00904606189943      
17          -561.00763012574225      
23          -1261.9290287282108      
25          -1718.8343310235155      
25          -1555.9106858043635      
16          -782.76923574367925      
17          -388.41220803292094      
23          -948.38923903386365      
24          -1680.9311078200176      
23          -1139.871015856359       
38          -2939.482456618694       
20          -942.9009009267786       
26          -2158.0933245341839      
22          -703.20637967189498      
26          -2181.8762868992644      
33          -2486.1962282789291      
39          -4128.3098942285324      
35          -3106.4305140284891      
19          -882.44788496147567      
21          -1115.0719437241753      
22          -1250.475580950917       
29          -2357.6388156167241      
26          -1352.5903425911706      
24          -1751.5470076446329      
21          -1060.0730628856666      
33          -2740.0015354454381      
28          -2198.9596804117459      
14          -584.80173977497373      
24          -1781.8358039080301      
35          -2861.8908160394958      
32          -3921.392238668589       
34          -2809.4515876669939      
28          -1527.2155703920027      
20          -677.37888338532503      
28          -2391.8334851556156      
24          -1257.9046852881602      
25          -1483.208635537397       
20          -1163.8513780921551      
20          -892.39968029056581      
20          -834.89754949233566      
32          -1748.1318315212352      
23          -956.94936463250815      
27          -1589.2870441909906      
21          -1324.1913506283011      
21          -1108.0577251054633      
25          -1323.7101541719094      
32          -2372.1645122905429      
27          -2291.7100133193039      
24          -1011.0347148865139      
37          -3933.3419189393589      
40          -3865.0250855066247      
35          -2840.3142563895613      
29          -2377.778549822367       
25          -2196.3642866612413      
25          -1431.7865816552924      
28          -1599.7007602052779      
11          -143.80722484165298      
21          -1292.4059353646815      
28          -3347.6310850297773      
43          -4882.9597383867995      
49          -5223.1466945607763      
28          -1900.3568585186188      
28          -1872.8895927895912      
32          -2126.1490570750761      
19          -1210.5324269446542      
23          -1052.3141832335407      
10          -286.48027815083134      
24          -1325.2105450693628      
15          -347.13837937190704      
23          -1402.6072007009989      
31          -1763.2189669590346      
38          -3584.002956091203       
38          -3038.6233204359173      
34          -2185.9043014425065      
28          -1649.1228440945779      
12          -440.95979027197626      
18          -1192.5064108729086      
22          -948.84759310763764      
19          -728.33121402432221      
25          -1073.4941738869122      
29          -2415.002283819993       
34          -2335.2424602834249      
16          -451.24265138857373      
19          -651.00775534002764      
22          -1137.3212364705755      
20          -677.02059015199336      
17          -924.72910339618238      
24          -1603.0343954832331      
26          -1783.7429296912042      
17          -904.45372647519218      
16          -306.615165801682        
26          -1742.6244434444977      
21          -1590.4586976038925      
15          -612.23245151861283      
26          -1774.7842660793469      
25          -1483.612465033325       
26          -1567.3026008007007      
23          -986.2439610097739       
23          -1450.4076105335516      
22          -1528.3632034622879      
24          -1866.7374645744935      
27          -2035.6056214444393      
13          -353.75892304622289      
28          -1744.6835661540974      
37          -2794.0272565167579      
28          -2422.0430583538964      
18          -823.05592158679076      
14          -337.37138479888768      
20          -1437.3371770894028      
30          -2169.6582452430871      
16          -526.1736723815593       
16          -589.4320495806827       
28          -1328.196582193299       
29          -1970.1602374014656      
27          -1649.7175790060173      
26          -1348.1120340997636      
24          -1148.5485625756803      
21          -1367.5023673696012      
18          -756.16872712123677      
28          -1564.279294875048       
28          -2063.2819216820239      
21          -426.26254684120727      
16          -582.3870173161157       
19          -752.13935986412389      
19          -759.65808585045636      
30          -2436.2885438840535      
32          -2213.3889690531023      
12          -344.31865952320692      
26          -2063.3188517982112      
30          -2276.4262568819677      
22          -1244.7401234825143      
22          -1184.4376977736174      
30          -1647.0400738947703      
26          -1867.1609290168594      
13          -139.06189167848561      
25          -1653.6522581409681      
18          -853.00734844563249      
16          -785.29952632885272      
17          -614.09560556732686      
24          -1352.9724814459184      
29          -2245.8599785173637      
20          -929.72850349260352      
21          -1146.1576878926344      
26          -1566.534575134398       
18          -274.99204542272849      
27          -1638.4264533611092      
31          -2360.3556214870446      
28          -1780.182578375515       
29          -2046.6025415099778      
28          -1273.8737947627603      
25          -1407.6819515610566      
26          -1211.1075690393143      
18          -511.79884405183452      
33          -2034.964378066582       
26          -1334.1748452648876      
27          -2173.8597949177392      
22          -1542.7776997767255      
20          -956.18262505184748      
21          -1288.1985314800806      
33          -3064.6065311569196      
30          -1998.2040939152271      
25          -1587.7317293733709      
31          -1894.2573138739333      
33          -2090.5753913525514      
22          -916.2560520632295       
18          -724.00504645023261      
18          -573.34611405892701      
28          -1512.8446752453456      
39          -3134.7156541832483      
26          -1638.7106320842408      
27          -1415.0354039252829      
22          -913.92167907951944      
25          -1299.3308134732217      
29          -1442.6327358610188      
26          -1255.8748975851804      
21          -1106.144427313101       
23          -1172.0254971713277      
16          -621.88081141717691      
27          -2028.5270756571213      
28          -3268.4613966255897      
25          -1475.5858053505606      
17          -565.39264929316266      
27          -1297.1899337493924      
21          -866.42091793133932      
18          -726.14606589480024      
14          -262.84261146318431      
31          -2853.660876365243       
15          -601.92148401317149      
23          -1173.7792563819453      
23          -997.09486831305833      
20          -1037.4070436565814      
16          -257.66112952583455      
31          -2802.5459940632381      
20          -1411.4030639548246      
31          -2732.2173977632438      
29          -1590.3079236713445      
23          -894.03639534096703      
32          -2511.7704593211211      
34          -2580.7546007129358      
43          -4987.9749406244737      
24          -1518.8876158749638      
21          -1519.7453858324793      
29          -1817.1308684046178      
21          -239.20756834908849      
28          -2023.1318913220637      
28          -2113.8165778529929      
25          -1116.5124592698289      
27          -1322.2068572941077      
38          -2902.5367451478328      
25          -1421.2518226756486      
27          -2373.2343362265792      
31          -1906.6073314705559      
28          -1522.608103096672       
26          -1236.5450950987636      
34          -2775.0493557147552      
31          -2144.0154715806934      
20          -1354.6997804199748      
32          -3225.1394860656414      
27          -2086.9732754069864      
30          -2380.3875588848732      
27          -2009.6378248725366      
27          -1812.7547825610891      
31          -2164.6019183359799      
23          -1371.4479307254678      
30          -2598.923682966647       
29          -3363.0925253658229      
13          -399.23221333620535      
19          -595.83926706822274      
16          -414.80785947819084      
21          -1150.2673747869562      
23          -1231.0996372465945      
27          -1638.185060448835       
30          -1740.0848792780707      
24          -1064.5298074710511      
34          -2701.2294148759484      
34          -2682.4808041119013      
31          -2436.6069647305162      
25          -1781.8823530147627      
26          -2133.3279726417377      
21          -950.0460092120552       
13          -675.41523475203689      
15          -445.14020475242643      
22          -683.90297132403191      
28          -1900.1133611755513      
28          -1940.7218838168019      
33          -3110.0983999693422      
31          -2121.0074830822787      
23          -1230.6048599468577      
22          -764.77320242209998      
20          -1141.6500895950041      
30          -2202.7405860777762      
29          -3166.694803425657       
27          -1436.2359712161247      
27          -1899.0815916733131      
16          -435.56168774892308      
25          -923.71827826098695      
21          -974.27803669110676      
24          -1039.0466258646304      
24          -1318.2838521884837      
17          -469.1846269093362       
22          -1189.6374725961152      
10          -225.7853635648105       
24          -1431.6096751903065      
27          -1972.9558970019768      
17          -383.28263687583751      
32          -2604.3934996528678      
38          -2890.9794820494353      
24          -1261.8385883321732      
21          -1169.2062685045603      
20          -812.26958741893941      
20          -1372.9567537758171      
27          -2820.5800682105041      
11          -202.89582713603843      
16          -578.97483415740828      
25          -1412.08673970618        
40          -4001.5057805074875      
41          -3339.9440406649919      
19          -537.11274402751008      
24          -1061.4654992710264      
23          -1072.8870542569368      
28          -2506.7633267607362      
14          -410.08704108784985      
23          -1621.9126138582019      
39          -2746.9454625011294      
13          -283.01835095743888      
23          -1970.2926484577044      
27          -2430.4636449060658      
21          -1114.713007834448       
20          -728.67133237761323      
34          -2764.4758943381048      
27          -1779.5529779191977      
33          -2687.729678596374       
28          -1553.9146874096996      
28          -1719.2587607459568      
27          -1681.5782137994809      
30          -1799.0125995524229      
25          -1265.1474964889853      
27          -2126.6451789870116      
29          -1772.4326470922881      
30          -1722.4076742888067      
20          -965.17540449777039      
20          -725.25548946407787      
19          -624.52877501636988      
13          -306.32652726100122      
24          -2221.2232868760334      
30          -1587.9344014017099      
17          -409.75868562096679      
20          -1102.6410730254804      
23          -1810.3251946994817      
28          -2004.7657813311707      
23          -1232.686174388172       
21          -899.86429721513855      
24          -1559.727716867452       
14          -445.67070929557315      
19          -679.49435527704691      
22          -957.48771051096753      
21          -1569.9279323119076      
18          -407.62067498966223      
21          -864.66608060837507      
12          -276.01186702623147      
17          -445.61076187842855      
22          -1017.5356816277957      
26          -1969.5025443374598      
24          -890.96042246060313      
21          -1109.0547536739055      
27          -1540.1191910570258      
33          -2768.3517325762073      
28          -1604.4917827309969      
26          -1277.2088989465988      
24          -1234.3957387495755      
28          -1529.9979911645005      
28          -1293.6762014038         
11          -207.12249924688979      
26          -2211.5799816095032      
26          -2017.2072914198266      
24          -1605.2892396566886      
22          -1141.7784617270152      
20          -705.3276242183839       
20          -887.86433236701032      
24          -1330.2785043861659      
26          -2178.4358611353973      
20          -925.84857613290967      
25          -1494.7447060605277      
31          -1452.2714269624178      
25          -1360.0121170894038      
31          -2929.6205953800095      
29          -2866.3386853997904      
24          -1191.1613130553364      
29          -1705.3019383757403      
16          -698.52427986701912      
18          -955.23034221325531      
19          -685.70800028962924      
21          -686.02122302921418      
33          -2854.8578972053356      
33          -1768.642947076102       
25          -1078.1608155745405      
18          -1038.3947533313574      
20          -634.1680935836755       
23          -1201.037394677239       
21          -862.24289720568595      
24          -1494.8652417567332      
29          -1967.3835830619616      
31          -1886.8635959747721      
26          -1159.2104548514005      
23          -1006.3981250479661      
19          -714.60499764400106      
18          -813.66857717781181      
26          -801.28337999641315      
30          -2353.1036550030531      
31          -1875.5426685095667      
33          -3473.9062617738928      
26          -1731.0554058728821      
15          -359.57011464079022      
25          -881.05430284365275      
27          -2002.9939516754182      
21          -1111.2071228935604      
26          -1496.0841844053166      
21          -1082.7330527660185      
26          -1518.7114483675543      
36          -3391.5497980726332      
33          -3399.8887426315109      
18          -871.76777427077627      
15          -237.78620589212355      
27          -2272.3407924322369      
27          -1158.1608111117193      
32          -1779.1308300135024      
15          -635.78452343810068      
19          -917.67243094764876      
36          -1928.3412275568028      
32          -2672.1999612256532      
27          -944.79364448429556      
25          -1477.1137557963805      
16          -1042.6388427572945      
21          -1052.7238210506464      
24          -1445.0922283605785      
20          -808.05011745594061      
20          -1091.1453498131739      
28          -1789.7651015456995      
31          -1901.0392823557081      
27          -1833.5105723337088      
31          -2068.2406549082843      
30          -2272.0937747892322      
26          -1390.7958444934195      
11          -169.1985896731166       
27          -1996.9577916061348      
28          -2539.4899320818881      
27          -1978.0730153453678      
22          -1398.0467279661079      
19          -826.34168767681172      
27          -1166.5923433167911      
32          -2598.4061104118496      
36          -3039.5166819734136      
21          -934.97062977429016      
21          -1256.6583022793052      
22          -1033.6417244667978      
28          -2227.0592587088354      
22          -1217.0514873140096      
12          -500.77772987720726      
18          -727.118228591395        
22          -774.16531279111814      
24          -809.19086617004746      
23          -934.35719199072071      
28          -1195.5669436396151      
18          -911.52071761869729      
18          -665.41236567101691      
16          -759.1054270230004       
21          -913.33365879070675      
26          -1515.5114717719939      
30          -2515.3036782550266      
18          -664.52201227545299      
18          -732.90920461043243      
31          -2609.5555343614692      
19          -634.02973083533675      
27          -1745.2808660017538      
12          -145.86474401117414      
32          -1840.7604465765805      
29          -2227.4198451100642      
35          -2753.0451048183818      
25          -1407.6752137706965      
32          -1640.3917956135729      
42          -3735.8857589004911      
25          -1864.0073282966764      
25          -1059.3755746573474      
28          -1704.5223678435862      
33          -3421.008567388335       
17          -566.68096053914348      
20          -582.68048285044608      
24          -1096.9452792396069      
21          -815.45121044630741      
26          -1564.9508492460936      
22          -881.83294773505565      
24          -1121.3515861851217      
19          -833.44650957938234      
20          -975.03809544990702      
32          -2305.6264278161111      
44          -4056.8975907080558      
28          -1619.042260137421       
34          -2532.8381649952703      
45          -4687.9066249092884      
33          -2743.878810254575       
38          -3518.3992662202531      
26          -1015.4261898097884      
28          -2548.6938094339571      
19          -931.59296446246879      
27          -1427.255660373148       
28          -1695.7301495239851      
27          -1877.5980682046179      
37          -3037.3345628563657      
34          -2799.4588448018608      
34          -3136.1321556732901      
15          -500.34316033228981      
26          -1294.1089832029186      
22          -985.86320975473961      
20          -745.57048440417964      
28          -1544.0105099403154      
20          -908.48352532910997      
31          -1920.3879353721095      
40          -3100.9315711661807      
31          -2276.1057655334171      
28          -2114.0492070401401      
24          -995.57479826184067      
9           -394.64151279739065      
17          -524.12148645142327      
8           -443.0883050470257       
17          -1392.0296351439074      
27          -850.38028826153004      
26          -2009.5885384886217      
28          -1680.5641845675309      
29          -2433.5238358903407      
37          -3397.732414207821       
19          -447.42765183464377      
19          -878.49044451879615      
32          -2260.4907208006202      
22          -2042.2287657298236      
21          -705.62796304153426      
31          -1899.3950051575446      
20          -1103.3385606284455      
28          -1652.6623042927861      
24          -1257.6624835987041      
21          -1877.7368879072226      
32          -2077.1603840152984      
24          -995.32077710052715      
23          -1249.3255944860136      
19          -784.57102072058001      
26          -1398.3315825026286      
17          -625.75119354089179      
14          -503.74105378631015      
37          -2935.9232527643549      
30          -3046.0245860715331      
33          -2099.0703242597165      
11          -276.94677775876914      
14          -360.83129036408246      
29          -2142.9472743773972      
25          -1428.3122286743394      
14          -251.89978832230895      
31          -2418.3774396979693      
20          -1372.8351835861999      
18          -711.3700322048735       
17          -552.91030061761023      
18          -823.40187142027912      
21          -709.94661311935715      
25          -1243.455976353606       
24          -1086.8554460177124      
19          -615.41888462279144      
31          -2102.1592600587883      
28          -1967.0088600292031      
33          -2187.0363506469675      
39          -3129.3468664874754      
24          -1168.3123367643         
26          -1997.254196457395       
28          -1476.8424842207385      
17          -675.94945153053891      
19          -515.90941166450284      
24          -993.88616568099792      
23          -1756.4272893186096      
20          -1361.3461923742227      
22          -1705.0787454805231      
39          -3302.8492393350448      
51          -5027.0331379006202      
45          -4384.4052485323018      
42          -3771.7011996255887      
32          -2075.5006202453728      
16          -768.18400217006251      
32          -1855.0171887667711      
40          -3676.6923390894076      
34          -4368.8982301030474      
36          -2312.4257901452761      
44          -3857.4303722541522      
28          -2271.0813848664889      
13          -288.4874362124346       
23          -1240.0253471941373      
31          -2177.7721907533837      
24          -1147.2965094139263      
25          -1709.8138408259501      
17          -531.17741715107718      
13          -296.51942639381218      
25          -1781.9310787189843      
20          -1086.7288199069665      
21          -1188.1408973364607      
34          -2389.0286611096044      
15          -312.29170110797105      
34          -2944.6730576298237      
28          -1873.7245462429078      
23          -740.70428692623693      
26          -1316.9478338604708      
29          -1479.5656858751852      
23          -1068.5568017368885      
43          -4505.2150206865499      
18          -1154.4571506794421      
20          -1185.1218377646694      
24          -1136.8706442696725      
16          -465.62643651026684      
16          -861.7037406048596       
16          -846.56308486709236      
19          -602.56700484023202      
22          -1424.4342570820945      
20          -729.35397244015212      
22          -1448.5710661944033      
24          -967.33752575254084      
16          -399.36213663500075      
29          -1128.4051974530039      
23          -563.84470215048543      
29          -1956.9657868824986      
21          -848.549965226273        
18          -611.99737056416006      
25          -1465.8957697522903      
21          -911.4941349245388       
23          -1497.0036391238832      
33          -2565.0092237771737      
19          -788.79369204379429      
26          -822.39873664636741      
24          -1403.2604068293235      
18          -1602.7684792635666      
33          -2726.3121174373546      
27          -2281.3505385841099      
30          -1953.4290587546493      
23          -1474.130274190592       
24          -906.90160784572686      
32          -2383.216730845862       
20          -948.19290344469948      
14          -921.94105431150672      
16          -622.58569247718685      
24          -1185.1290726231191      
22          -967.77655356342882      
26          -1420.1514381365446      
21          -882.68363232896331      
19          -570.59415529955788      
27          -2153.915316701045       
31          -2637.5484414453281      
43          -4030.0431222533839      
42          -4258.2456398627228      
28          -2315.9691158615979      
19          -719.76346157393493      
27          -1548.2538228096948      
14          -542.46255054988467      
24          -1601.1294985059437      
15          -506.80854360686669      
22          -899.67766351542809      
23          -1437.3032872058732      
23          -1701.3698370181585      
22          -1191.3561759329291      
24          -1337.7840089512238      
15          -369.57769817155349      
17          -500.70523015246772      
21          -783.05995319931742      
28          -2148.3921934994964      
43          -5624.2566445855309      
24          -1086.4351739191482      
22          -758.98654988659678      
17          -365.16754205796866      
22          -1018.2659185859781      
21          -1059.7091627594264      
15          -639.10593059725841      
18          -847.24780388535021      
24          -1111.295030139926       
23          -875.41916393674057      
19          -529.15024072597146      
33          -1901.2768710121659      
24          -1510.1339033767908      
19          -902.43956481612759      
24          -2224.063107180551       
23          -783.02942808548039      
44          -4443.247272244178       
30          -2307.710670953627       
45          -6505.3505099522135      
37          -2789.6043847518035      
35          -3578.3748017246403      
36          -2916.3335932473706      
45          -4764.1844847781776      
50          -6380.0340209913875      
24          -1300.9196491535256      
21          -670.57876860687509      
18          -636.50724002259074      
16          -421.79988733456315      
30          -2117.4000479812371      
23          -1261.9127687655512      
20          -636.1924927847557       
23          -1459.8273068753119      
23          -1263.9213261666421      
22          -1119.7124149814952      
32          -2420.6583978996837      
33          -2794.5677375100836      
36          -3684.615208030848       
38          -3033.7375867165138      
23          -847.65081692755223      
20          -1421.0148087082644      
20          -713.10587554884125      
38          -3639.6659570978532      
39          -3040.6256560646798      
27          -1903.816656260409       
21          -1159.6417706297807      
16          -255.18215158483801      
51          -5880.4973350320925      
42          -4409.5084378695547      
21          -1120.7002786196726      
22          -1899.4799043417054      
33          -1802.7411492355113      
19          -670.7491089232002       
14          -217.80331249465189      
17          -514.33014609083614      
28          -1952.9783230508319      
24          -1549.4069529397216      
21          -902.79743494694264      
38          -3068.651018318877       
40          -2824.3438795871302      
34          -2585.9029905967213      
21          -1227.49568009362        
19          -837.17521899218843      
12          -113.60704479820603      
19          -623.42359994824903      
13          -213.14182919969267      
35          -2784.8001050972766      
23          -884.01540373721741      
25          -1767.9877684796033      
38          -3518.060403503388       
17          -150.48857956599198      
16          -553.07230134680663      
21          -1015.6080379860283      
14          -480.30619110823613      
21          -902.97917124709113      
29          -1847.287492348762       
20          -860.81470884638782      
31          -1659.4820635527642      
42          -4263.4886243590126      
39          -4313.4988684066511      
32          -2063.1419904057875      
24          -1079.9420758895326      
30          -1845.300829150684       
31          -2732.9247647190177      
27          -1622.5703318781011      
28          -1757.999385228479       
29          -2394.319373614403       
