410 1 -3135 30 30 30
46          -29403.582740394762      
44          -21178.966788707399      
58          -41972.5212868616        
56          -37941.713338800451      
53          -35945.709525656261      
51          -31508.470345343998      
66          -55360.04595855809       
66          -53420.423312507701      
72          -58691.32896339221       
67          -52348.483730212058      
57          -39245.096273729687      
53          -36391.862450186571      
61          -47541.311425834938      
71          -60681.697626788409      
74          -67288.632545685468      
78          -70938.328454849048      
67          -59033.244851123643      
75          -68605.206188179407      
83          -80234.193918961595      
84          -83379.908126282418      
86          -87598.614480097589      
82          -82041.23106312778       
83          -80165.30673276681       
82          -82379.961795245559      
86          -87986.630045436134      
95          -100868.9201293324       
101         -116738.45779921762      
97          -108957.64850274546      
92          -99808.606405002953      
93          -100794.2483769683       
91          -95709.692145962559      
88          -88630.127838809014      
79          -71527.726007679856      
75          -64810.561768565029      
81          -80109.023980666912      
70          -64013.209434213182      
64          -58119.586016584697      
66          -54825.613445242663      
74          -60565.241714139265      
65          -53182.328332992343      
60          -42903.784880192878      
52          -36478.082442856292      
42          -28765.240193211153      
40          -17986.969540275339      
45          -24276.469925808935      
35          -13052.071323823699      
46          -22910.005078530328      
53          -36765.320973976435      
56          -38412.214695774157      
55          -37279.616029508536      
53          -35211.742865263579      
42          -25407.007007308453      
58          -38167.486661200543      
59          -42662.165196178037      
49          -26435.703205739959      
51          -32425.061814902441      
55          -35852.676147940125      
48          -27620.935927623621      
55          -33425.202142860195      
72          -60578.906738069236      
65          -48184.082824576319      
70          -59309.594885790561      
63          -51172.665935076868      
60          -40222.28381196515       
64          -48075.79523365957       
53          -29471.928802216073      
52          -33608.310088441147      
58          -46543.349176245421      
63          -50244.858585181748      
65          -50439.154755080926      
67          -55503.883749793553      
56          -43526.254419431483      
54          -35955.515092285917      
48          -29809.07808908372       
54          -34059.514950411285      
45          -22647.26488968619       
44          -22502.342049397026      
46          -26561.150024850918      
52          -32030.679325268313      
54          -36768.455570582308      
46          -28765.81777938101       
46          -27253.40035580752       
36          -18658.934091230036      
22          -8174.3096339407748      
22          -6430.3377150909382      
15          -2454.6144282651289      
30          -11197.827703253724      
31          -14034.653695597548      
34          -14746.172663543071      
33          -11899.598563202206      
50          -27949.880106807112      
59          -38247.94741568539       
60          -42585.502865510964      
58          -38400.586878050308      
55          -36803.146431707399      
49          -29800.636481859849      
41          -20623.098954634595      
41          -24119.084140546754      
47          -26551.016085481846      
51          -32804.345560384805      
62          -45277.044858093795      
64          -48382.618360476823      
63          -50355.133512294015      
60          -45612.396194839785      
66          -50200.393199036727      
71          -61351.746848310526      
78          -70987.992979596223      
68          -58652.133317530555      
70          -62749.296752044953      
77          -76576.521752456378      
73          -69171.434886926669      
86          -91787.053279056359      
86          -91740.207318089349      
81          -77443.200314691188      
84          -84866.96977065895       
85          -86092.066646714564      
82          -76957.325000702811      
79          -76575.329337456555      
80          -80534.319855675829      
86          -90562.505378492759      
89          -96047.831150797632      
75          -65147.873277655308      
78          -66741.07392290009       
77          -68830.732802093611      
85          -85596.965001600562      
86          -87501.876127205687      
83          -83046.731842261317      
81          -79628.913581535453      
75          -69289.907523964866      
72          -63754.114124048981      
74          -67403.558237938778      
72          -61345.323157337683      
79          -73794.47341102561       
78          -71300.922470296922      
81          -78548.298589288868      
79          -71988.115908081614      
69          -59104.748945149811      
75          -71351.783236877731      
72          -63705.403209674572      
78          -73082.380398951471      
78          -71812.801153155306      
77          -72921.737408093541      
67          -58775.518535375893      
67          -54883.641862749508      
65          -51541.211134289799      
71          -62101.616124760883      
64          -47715.212452006861      
65          -50161.208406313912      
67          -54350.07962078524       
70          -56083.008492859932      
71          -64204.085746414581      
61          -48544.392309367773      
62          -46685.223013702744      
70          -51165.041605975937      
67          -51827.54607150732       
50          -31946.665021943059      
54          -37999.075901202123      
58          -46579.07363227637       
55          -37302.525351301811      
62          -48560.067888734222      
50          -32619.187621272366      
62          -47732.49893490017       
63          -48396.533095071281      
69          -53433.787528011417      
77          -70651.546831026179      
78          -73137.249993199934      
72          -63279.299215611325      
83          -79014.101834092973      
73          -63775.996061637779      
74          -67230.778072908681      
63          -52127.946386372321      
69          -55891.804951396101      
71          -62559.57292203245       
73          -64094.245020730319      
78          -72793.256752568414      
96          -107319.21833296545      
97          -109986.41168040315      
86          -88552.909050583956      
78          -74452.978410190117      
69          -62423.415221798488      
74          -69319.701858976783      
79          -74067.309345319009      
83          -87166.245040223483      
73          -61967.05720945388       
70          -59699.514817448799      
64          -48948.61005199443       
63          -52120.802048132929      
75          -67014.453434158815      
66          -49551.209189816         
47          -29436.214161488864      
44          -23803.258233517707      
28          -12209.553050117196      
22          -7932.8059032469973      
20          -4484.397036249271       
18          -3710.7639524356355      
27          -11093.618349637611      
28          -9525.0160464892688      
24          -7126.1217198324503      
22          -6698.0636841577889      
22          -6377.4531815909741      
25          -9302.1544525546669      
38          -18905.723985747474      
29          -11539.565754881409      
29          -9432.717802589108       
19          -2868.3526108070364      
31          -12137.603737339105      
32          -16561.101482586902      
49          -31586.388805640861      
43          -26766.471582842834      
60          -44423.55885966988       
61          -42030.523509012019      
38          -15536.997033578164      
45          -21842.794213823683      
38          -15372.123546168716      
61          -40551.13885697646       
68          -56364.682691401089      
69          -58414.038847198477      
59          -42749.150539044123      
46          -29194.550807080828      
43          -24197.048098988958      
34          -15022.421783936441      
40          -20068.95713462837       
38          -16855.103686208298      
27          -8687.2653843483786      
41          -21159.981590888256      
47          -30151.482016530179      
38          -19722.739826948844      
31          -11216.427455286215      
28          -11125.484994556271      
31          -12617.35573431374       
34          -14742.495042065953      
19          -3711.1967769058501      
21          -4884.0794610223775      
27          -9283.9204536825655      
29          -12380.300978732837      
34          -16391.37699592892       
31          -8866.5899656989459      
25          -10120.928322833577      
37          -15987.325058316717      
32          -13670.331269351105      
31          -11618.663546161994      
37          -18916.18823100884       
41          -22758.050064112816      
46          -28304.814366104169      
48          -30801.365834343276      
46          -25893.122217931294      
41          -18990.582050466932      
33          -12285.525499369443      
31          -9647.5831712811905      
28          -9477.678691811032       
34          -16452.50235672445       
32          -12578.014015881972      
35          -15543.489459112294      
41          -21941.032558078248      
29          -14257.904401664009      
25          -8020.249864005672       
25          -7462.0337255113518      
33          -11647.838474387965      
24          -8034.1041681153183      
26          -7784.4246463673253      
15          -4847.7060774039201      
30          -13056.103141259846      
20          -4904.4385915746279      
24          -8021.4787757120175      
20          -5002.1254844231244      
30          -14238.785291286966      
26          -9411.0712544292637      
26          -9494.5644226491768      
29          -9434.9396708212516      
19          -4198.3050479736949      
17          -5419.0429861700459      
25          -8950.7229512694048      
31          -12278.442924310271      
32          -12667.543243520635      
32          -13738.417553697309      
44          -24853.173833256453      
56          -36330.022946694589      
43          -23694.398616400525      
43          -24579.765500457026      
40          -22591.691990186311      
28          -11646.921930841045      
28          -11174.462596363759      
28          -9337.511466891232       
32          -17292.837562755391      
33          -15485.526384178342      
24          -6778.9392294819427      
22          -6359.1707816570579      
28          -11592.984413342376      
22          -6541.1193090955421      
27          -10741.472403671032      
39          -21316.501580586912      
39          -19007.308992482573      
41          -21968.725631908186      
33          -12709.02660905186       
38          -16118.990629188122      
37          -18543.267062354553      
36          -21648.02548975114       
26          -6551.3885878151377      
19          -4034.4698412288503      
26          -7698.5088199938737      
19          -3755.7476306209755      
31          -11909.237864054323      
38          -16150.597368550658      
28          -12438.285900347944      
24          -7181.5632252704318      
20          -6339.9698504208573      
22          -7140.646481874669       
33          -13692.592735370621      
43          -22843.626634819073      
37          -14739.84251955985       
23          -6919.2176631257162      
34          -12010.231749889281      
26          -6792.7486574348131      
29          -8718.6707911194644      
29          -9398.2508570737518      
18          -3879.1534609530909      
15          -3280.6513804639931      
27          -9084.9147295149287      
38          -19177.232540431574      
41          -22734.244806169689      
50          -28135.090798662328      
53          -31399.657443671247      
57          -34775.981659080462      
46          -26233.676853699955      
37          -17454.643486859004      
50          -27781.156798810567      
44          -24045.110090398262      
38          -17942.495154279262      
40          -17956.408800392092      
41          -16888.121956656916      
45          -26560.835761639202      
46          -29783.420424237996      
50          -31645.81913155067       
43          -21242.058603880054      
38          -17689.844225945853      
57          -39520.927581876727      
48          -29121.945822204441      
45          -27721.529857129499      
30          -14721.982859517042      
25          -9511.8316123306904      
32          -16300.485562481488      
33          -15722.613480630762      
33          -14014.249151154616      
45          -26160.831524930065      
47          -32057.341472614014      
41          -23318.7496125615        
38          -17793.746529759628      
49          -30073.523038766834      
57          -41992.661454511392      
71          -59778.401039625722      
70          -58558.391831820307      
72          -61474.40203595889       
85          -85932.086729323491      
91          -94951.574841810885      
84          -85007.275490136628      
97          -111889.65450701467      
103         -120975.81676347746      
100         -117365.41172417515      
103         -123730.31743386199      
97          -108111.43502498788      
90          -94955.615516540362      
100         -109921.14097960173      
90          -91896.4727915611        
87          -84959.234797377459      
73          -57796.275102029875      
69          -55471.481546324496      
63          -49373.117114172986      
57          -39392.110751406981      
51          -31438.046704756976      
56          -38938.955069197094      
72          -61161.113738682427      
72          -61809.824515756467      
57          -40487.4866283991        
53          -41317.553954508228      
67          -56006.175712395081      
60          -44751.628595155569      
57          -40259.693908862871      
57          -41424.871327781533      
52          -34609.042006280484      
48          -24657.399928555562      
48          -28538.974278140195      
44          -25267.773801218376      
40          -20564.470897052539      
38          -22535.841250331749      
44          -26518.88293327413       
40          -20630.23882629834       
43          -22346.320413690835      
39          -20417.290849876459      
60          -38474.575506704365      
56          -41119.885680379695      
43          -22470.717742132292      
29          -15892.00275381511       
31          -14017.698964484918      
31          -13302.612532398543      
35          -14984.028305406644      
28          -9628.2296497145799      
15          -2560.9567440916317      
25          -8930.5178601047446      
32          -13502.087551807144      
28          -10928.503940880084      
30          -9323.9388573149427      
35          -12816.758650904221      
37          -16475.136534448735      
24          -8481.6486416365824      
22          -5642.9444840963624      
20          -5291.9767750290293      
20          -4449.4649084647917      
27          -9725.083052546097       
13          -785.34730098255613      
25          -11573.011316207139      
18          -4871.761884655707       
26          -12131.166010007357      
31          -15835.776386257667      
19          -4099.6893877460097      
11          -2298.9964342322892      
18          -3541.8082091794963      
23          -5275.9728710830777      
29          -10330.602379088052      
37          -14095.592142359728      
23          -7627.601330303678       
25          -7164.9605500017551      
26          -7067.8935509215662      
43          -23588.769574746555      
32          -9965.3386347381274      
26          -7393.9470835858974      
21          -5280.8785457261747      
12          -1473.9762707183756      
22          -8194.878784545057       
34          -18199.251129443954      
31          -11924.955659394909      
40          -20020.641320389925      
31          -9681.8916258101235      
24          -5835.8095597978572      
18          -3837.082380527123       
21          -6063.4905066190013      
22          -3557.1841310629343      
25          -7664.0520886616314      
22          -6079.9934927304785      
13          -1904.4324939741127      
19          -4836.4730216869357      
25          -7367.3323582235507      
25          -7239.0371278190887      
28          -9687.3875358307669      
34          -14942.953805707892      
33          -16860.961791196478      
33          -17703.107083673349      
45          -29526.981510570517      
40          -23918.757022391917      
40          -22666.116488877466      
27          -9645.6445860805052      
31          -13753.960494598336      
44          -24416.907850240175      
38          -19059.000786022054      
33          -13963.297928402377      
36          -15490.472647033317      
30          -10730.786358843923      
34          -15096.305324231205      
36          -17463.623526983552      
40          -21771.431061455187      
52          -35333.812408403501      
54          -36049.423124762325      
50          -32277.0434622182        
50          -30337.869427865309      
55          -37281.704813802877      
52          -36743.7229656774        
62          -47772.935891476889      
70          -60327.634062481127      
64          -51464.320737609058      
67          -57022.600460732392      
68          -56180.635454005351      
62          -44632.644491644489      
68          -56197.454062064367      
63          -47333.055314027923      
59          -43863.558601259218      
42          -22925.145517336769      
49          -30148.471213889596      
47          -27671.244588828133      
51          -30954.775591461585      
30          -11439.665709111059      
33          -12357.528097675166      
25          -9116.9167449185497      
36          -17560.199599250231      
31          -16961.571248716617      
33          -14778.186739511237      
32          -15003.833019982019      
28          -12676.322806408261      
33          -15652.195412322788      
31          -12478.490272010873      
29          -11437.988633915498      
22          -6136.3179306628463      
20          -3670.4934114215366      
24          -8010.9233758165628      
28          -9600.0838556216968      
33          -13032.739611339002      
37          -15572.500504327603      
30          -13155.440720013383      
37          -16880.044266042431      
42          -19312.318156173023      
48          -28506.892442062559      
54          -36161.578421463142      
51          -32577.326218068541      
53          -33635.771607559793      
55          -35437.589090505629      
59          -41374.584527735118      
64          -51897.478075956125      
64          -52596.579970768595      
51          -33447.090283005578      
40          -24454.288745006921      
34          -14862.147694174877      
31          -14461.340371287763      
34          -17076.722407180601      
42          -29335.22110391366       
45          -29243.188499794433      
28          -15654.79237780674       
41          -21636.32366772529       
30          -11240.94308548044       
45          -20925.787887849761      
35          -18007.46426424407       
37          -20478.709981524309      
47          -30108.786304883251      
40          -21577.905141195213      
39          -22548.504818073885      
42          -23084.110852086938      
32          -15012.086360289877      
41          -23442.555586874671      
41          -23963.914471504337      
54          -38988.956189925848      
52          -33695.311684375411      
42          -22976.4653254941        
41          -24146.320237004777      
41          -19116.649287069478      
36          -18986.506339948708      
34          -16839.810254839205      
41          -19993.077470125736      
44          -20736.212551256158      
41          -24983.68529344222       
51          -34432.455888129116      
55          -36211.320639285783      
49          -31218.038771360112      
26          -11349.053817982645      
26          -9742.5754950192986      
37          -19005.440146503719      
23          -9024.768850520828       
41          -19024.015157381316      
40          -19069.693866128378      
45          -20504.398625028607      
34          -13460.204019041199      
34          -19161.43173917145       
39          -21796.823727847892      
42          -22391.81186436913       
45          -22655.982153207555      
41          -20392.025934980164      
49          -32046.796508206276      
36          -16859.383965146011      
25          -7180.3096769561762      
40          -22383.991204515114      
41          -22899.074565119434      
40          -19092.862199100571      
33          -12129.029574298194      
37          -19230.935339200569      
47          -25023.771761667729      
53          -34883.741704697801      
44          -25680.391935692438      
42          -22484.893903204662      
48          -26784.683719206976      
55          -35336.246042144776      
59          -43651.851442473446      
64          -48959.091404911909      
66          -53469.906358199616      
65          -51789.879388547997      
70          -56824.169791140055      
62          -44875.325083439879      
54          -37603.983179493334      
55          -35035.395955235093      
43          -24009.611461398774      
51          -33318.955766834013      
69          -62110.836820598604      
61          -54020.887149347531      
54          -43839.608092655813      
55          -40442.223435004576      
55          -38895.147649168081      
63          -48254.014634899548      
58          -41912.604159590352      
58          -39859.962472250794      
54          -39195.683892285961      
56          -37440.690247852268      
53          -32414.377154851569      
46          -24132.692789772649      
43          -21192.120466128297      
43          -19959.258029543988      
45          -25485.328473930764      
34          -17069.261568546281      
41          -18789.047628528719      
45          -25675.463423185         
47          -27602.881274627613      
61          -43831.240308230197      
49          -32323.464677441523      
58          -41584.218190411506      
50          -29638.402578902213      
51          -27798.28487288129       
49          -30746.590538421286      
41          -22712.817266661063      
39          -17601.624316390975      
23          -6671.5904139065578      
20          -6484.4445604251177      
31          -12378.131651123016      
33          -15635.254072317031      
24          -6517.4943502345832      
37          -15659.536924654742      
29          -8598.0639389552234      
29          -11623.429837602973      
27          -8560.1436362786208      
27          -8998.9868190230445      
28          -13984.058219715042      
35          -18810.540735765768      
41          -25703.030197486623      
29          -12431.038634086424      
25          -9987.376284054224       
29          -8509.9942415382957      
14          -1443.8916278848808      
21          -4716.3410154962803      
29          -12580.831147501183      
30          -11337.839396897532      
34          -13428.362355168323      
33          -15148.678645295257      
54          -33561.441626160151      
50          -32480.748458679398      
48          -26960.77792477281       
60          -41667.329338013536      
47          -28440.824773778928      
40          -27866.600722943331      
45          -25583.351478101336      
45          -24976.577996541888      
48          -32460.48430750065       
62          -43049.807126208769      
59          -45605.274070952859      
63          -49060.675025511373      
66          -53467.727941074445      
71          -64955.719482023924      
68          -57959.481743867633      
66          -52041.372896277389      
51          -37137.049595452656      
51          -33053.097042385649      
48          -28537.081517273411      
37          -20125.287620267343      
21          -8081.8800820886445      
24          -6460.4036872491897      
28          -9438.1456848925118      
35          -14766.409491945366      
18          -4794.037903619821       
11          -1369.525877534375       
15          -2492.9053487972187      
25          -6891.1455842687155      
25          -8489.6065106687875      
27          -10290.218927267772      
37          -18301.302277631832      
37          -16158.938580313417      
33          -13172.210708869881      
49          -29689.324044059707      
44          -22257.785458331167      
39          -18290.68150184102       
46          -28732.282659074986      
54          -35968.225590002716      
54          -36759.194192257368      
57          -39638.954504595444      
53          -36883.23535083465       
63          -46367.253575560608      
66          -50248.851763918043      
53          -35448.80526052395       
60          -43743.396576272768      
53          -34739.514585746307      
52          -29499.369224765855      
48          -28877.885606449192      
47          -28261.091241234288      
37          -17791.64963854806       
25          -8770.2045843280794      
30          -11239.390498421453      
24          -6932.8234490552968      
25          -8052.6566918798244      
11          -2568.7166916727738      
24          -4365.1454619338811      
26          -11133.72406664888       
31          -12890.174731011017      
26          -7818.7007128083433      
32          -13004.077083808541      
45          -20866.500712731318      
61          -38107.997536558942      
60          -42797.692433859324      
58          -41131.754000592933      
39          -19614.166333469333      
46          -27179.450108308181      
32          -12162.697303228391      
34          -11632.631205205364      
32          -15790.754887083869      
25          -7477.7462288044462      
18          -4446.3715446324459      
18          -4219.7463224151234      
26          -10136.778892113647      
33          -17460.564886201963      
40          -19421.766437136328      
41          -23000.624474766366      
49          -26229.9521194802        
47          -27984.909053575575      
45          -26526.695106159394      
43          -25368.847395648951      
39          -17458.461560184704      
35          -14924.165830321392      
22          -7974.0058578798926      
14          -3445.982108939932       
21          -5449.6708293313686      
24          -6008.2070844443642      
28          -10697.19644849084       
22          -6667.725374419605       
25          -7664.6851600063392      
20          -4986.2510057919126      
18          -4178.6341998695507      
15          -2436.1891963739636      
19          -4845.319907269597       
11          -3170.9140547131433      
18          -3736.0446079544381      
25          -6179.5432818978024      
28          -7195.0402898364082      
36          -16855.295713367879      
25          -7192.717574404277       
33          -10133.678672404149      
12          -1499.0006157653436      
31          -9383.6472917033425      
26          -10067.930664103571      
26          -7737.5071656765176      
26          -8863.7624179923696      
31          -9603.5850444020252      
36          -14873.360193027711      
34          -15145.93001953261       
49          -26431.646272014503      
63          -44399.5981904484        
57          -38315.086499520665      
46          -23961.627542931787      
39          -16745.03592832886       
40          -22054.23885669811       
35          -14956.772541628308      
30          -11039.075956726472      
30          -12307.875789710135      
21          -6708.914289691118       
19          -5324.8820513610681      
29          -9839.1602391313281      
29          -10448.722023982687      
36          -19174.018436076265      
38          -21941.457805655889      
35          -15449.895176819184      
46          -24751.048755683867      
45          -21443.681013289603      
45          -25428.40981788568       
43          -21009.433564301333      
45          -23803.100637904652      
44          -26327.42724031111       
54          -34389.904749758411      
53          -32721.881607805568      
49          -28033.858035712474      
36          -15749.347556002123      
35          -13164.712804620125      
40          -20138.627786924342      
49          -28970.252531033417      
43          -22706.003661874853      
31          -16681.426259194181      
35          -19041.719840769842      
30          -13656.989100150215      
24          -7865.3252832231128      
13          -3102.9567075010095      
24          -8052.1378192724469      
28          -10385.346290895704      
28          -7403.2729096690346      
16          -3482.1142507130876      
20          -6051.8521510118462      
33          -14853.657521545054      
30          -11140.259690947294      
22          -7324.5118495405131      
30          -11831.843088137564      
32          -13588.004563704475      
34          -16957.53868793073       
27          -11734.087306127936      
26          -10585.183731799305      
40          -19520.419264867265      
45          -26101.215458740571      
39          -17765.729400877241      
42          -26705.618440754093      
36          -20869.633416645094      
40          -22434.765228657303      
40          -23225.278667308339      
51          -32388.302320695857      
48          -26899.054651551673      
34          -18128.656756929071      
39          -19642.917222986795      
27          -9095.448103193854       
32          -13864.497135104988      
34          -14523.226388670622      
38          -19225.289429623248      
35          -15714.590570206514      
40          -19890.400095608176      
38          -16835.295601449219      
35          -13343.0354705028        
28          -9514.9814026304975      
37          -14529.704312754115      
34          -15732.192754926989      
30          -15782.256295762052      
35          -16267.562089920208      
39          -16953.1594902459        
36          -13692.945951546406      
40          -19514.491020414069      
34          -13916.681065161862      
25          -8638.1688791672113      
28          -13242.711208847106      
31          -13667.754388258278      
35          -16719.689212431753      
32          -13784.750778674079      
27          -10244.113361639151      
30          -9913.4400061385259      
37          -18799.97103243538       
49          -30688.726926442927      
52          -32998.5214184           
40          -22927.145869170654      
45          -25908.639580660743      
43          -22791.41025216346       
36          -17196.075148682088      
46          -27060.146618356659      
40          -21345.45337013113       
40          -21933.8237932273        
35          -13518.833443850221      
35          -15249.887405989512      
44          -23270.54521263374       
44          -24063.822020381314      
47          -24668.831884728075      
51          -33936.58153415838       
40          -20759.604009860836      
40          -22642.015292205182      
38          -19934.499458030037      
27          -9641.0186844045875      
24          -7253.7993767529679      
30          -10884.104176852839      
30          -12153.590048854328      
29          -7926.4350500109858      
24          -6817.7364413870637      
31          -13228.408510100391      
35          -13763.107412202222      
31          -10089.459004669146      
20          -7131.7164266422578      
16          -3306.087531528397       
23          -5327.1100887477396      
24          -7870.0717623018518      
24          -7332.8458733892785      
21          -5186.7636106171067      
28          -10198.880681455408      
25          -10335.828496384998      
24          -6135.8263619982636      
30          -9413.052871807462       
36          -15351.51552959099       
42          -20684.204020154939      
50          -31057.927060212078      
42          -21005.443848518848      
36          -17923.050475849115      
38          -17622.412868641295      
36          -15563.211053072549      
36          -15272.821950859465      
36          -16565.046599532943      
49          -32633.434966538043      
51          -35418.106173179971      
59          -42116.522485787369      
67          -59066.591014046789      
60          -48668.986276351483      
62          -51215.270287695326      
51          -32998.127343840984      
46          -29320.60674023601       
44          -26859.511401045969      
48          -30355.893618278733      
41          -22903.098133967207      
48          -27549.574558959903      
36          -15296.535510691687      
29          -11314.267534386034      
27          -7891.8740662359824      
26          -10974.570966376885      
35          -15703.827987150571      
42          -20824.750008296269      
32          -12773.01221733597       
30          -12751.840183733917      
28          -12700.703165499697      
23          -6247.1911539086523      
32          -14585.563619135142      
30          -17596.975342631278      
47          -31565.515702175704      
58          -47625.58956706887       
62          -45992.878321537348      
72          -58702.330444268933      
70          -56559.8423769816        
70          -55087.098436149747      
71          -61055.733335708668      
82          -78923.431498788763      
78          -68285.301295024736      
63          -46934.643351228391      
66          -46110.71703579482       
60          -38753.36038788045       
52          -31062.873571960823      
34          -13617.226662809486      
30          -12766.892088307686      
37          -16860.730832379129      
40          -20181.810770649146      
50          -35955.9171521194        
41          -25350.231116366951      
37          -17678.310338621544      
39          -21164.042384445707      
41          -20936.853688999592      
34          -14509.828229104794      
32          -11627.132899554745      
29          -12388.474009542042      
15          -4682.5413194520015      
25          -8686.7541417571119      
23          -7499.1486022210902      
31          -14086.004992015156      
46          -30108.165523344938      
30          -16999.732319826049      
41          -20403.214552252091      
36          -16235.967339395287      
32          -13241.233635283294      
23          -5304.3721489510408      
28          -9860.5580047824897      
11          -736.48605069454061      
17          -2465.7294761355793      
23          -6905.4612978402038      
28          -9738.9151305129708      
36          -15676.368385859822      
52          -32129.591266160434      
54          -34626.010292836901      
65          -48522.992931427747      
71          -63063.370917139058      
60          -43302.115441964474      
65          -51966.017304779787      
62          -45384.94063987922       
53          -37270.580004435185      
50          -34335.424290548603      
54          -34777.266175593388      
43          -24983.300242061825      
46          -21468.900740523706      
49          -31903.397821600072      
48          -28498.195952622282      
48          -29309.079520218922      
38          -20001.137864393728      
52          -32147.889676958788      
59          -41631.61098445805       
57          -37754.862205487072      
49          -30567.069747246471      
26          -7652.7390628157755      
25          -6523.0750536796268      
23          -9317.3917346072358      
30          -12164.583491450008      
38          -16064.220917772063      
32          -12878.336555024282      
27          -8915.6293171326251      
34          -14156.874283202778      
44          -23174.968185687107      
48          -28671.453820290062      
49          -27577.21260769232       
42          -21818.306405317271      
45          -22863.064223791545      
45          -20963.700663190575      
42          -20377.236174096091      
35          -12094.761281027528      
34          -14345.19291848266       
42          -21996.779899817458      
30          -10822.719110979713      
49          -29429.359525253345      
41          -18525.086561222928      
29          -10163.756037850275      
33          -14238.219833358811      
30          -10733.399255401697      
20          -5781.8034369259158      
23          -7178.0953651847385      
17          -5584.964340203157       
21          -6498.101725615651       
34          -12341.91496799432       
27          -11119.530613665962      
34          -13403.48106485382       
23          -9073.7563395863999      
24          -9253.1837900651954      
23          -6828.9802405614664      
38          -18986.00444251224       
38          -23563.37691995579       
45          -27187.008399570186      
43          -24223.8088530801        
52          -32256.912805380125      
46          -25695.648922140339      
41          -25111.163457472387      
35          -16414.12609387367       
28          -11565.516808037826      
31          -12061.832561146624      
23          -6526.3475844185077      
28          -10772.493023775223      
42          -22371.338937421624      
49          -27983.723146605138      
34          -17419.750300882362      
39          -18310.560260196922      
42          -24071.83966514725       
51          -37915.68766642634       
51          -35473.181020901116      
45          -28414.75958041117       
56          -42569.149422282986      
51          -35391.703546081233      
39          -23670.974436633787      
42          -22668.401861551421      
46          -25858.8259252723        
65          -48525.951534378422      
74          -62721.092644681514      
82          -77521.990116932691      
74          -62285.979614353586      
75          -66193.716974316936      
67          -62777.889111454606      
56          -41230.551005814617      
57          -40121.380305690196      
66          -49414.641270569497      
65          -48295.032876335245      
53          -35082.648941398817      
60          -43087.863735315404      
59          -43306.827844001164      
67          -52949.95011506103       
63          -53319.496430307103      
57          -40877.662979795401      
50          -32433.953744788407      
48          -27037.983184489098      
39          -23858.004129602152      
39          -21095.884255297438      
41          -18460.845860901682      
44          -25391.638263206543      
48          -32784.594150755518      
43          -26801.710515837232      
44          -25755.910070956375      
34          -14138.128781481928      
36          -15397.356680467577      
36          -15557.847986151482      
31          -11861.125454227607      
31          -12389.296546038429      
40          -23362.798456667559      
36          -17383.961766103846      
47          -26763.169151663573      
35          -17894.888427431808      
27          -11012.573849557004      
26          -8398.9095683258874      
14          -2839.5639955649235      
17          -5648.0056862532383      
26          -9574.1813305123414      
42          -26431.629990117159      
50          -27597.109855988409      
48          -29292.989744584607      
38          -17580.027337001291      
49          -26445.786098671786      
47          -28874.467048366103      
59          -40275.313003024014      
72          -66211.75957458296       
59          -44203.664891849287      
64          -47922.065851159241      
60          -42427.85965975983       
63          -52953.701864885341      
58          -42487.127544806077      
49          -32088.629482423425      
44          -27451.32352030736       
48          -29062.690610834459      
55          -39134.032094781927      
51          -32151.632650994718      
52          -33775.690833965593      
52          -36529.568874490746      
48          -29939.558371717878      
40          -21913.071620775059      
37          -20706.377041498319      
46          -27856.886320166152      
43          -24969.264482407649      
31          -15630.479312209349      
30          -13030.107024569499      
35          -14070.301107548454      
31          -9841.4188625340976      
34          -14104.948369983895      
41          -21102.831064651091      
32          -14815.316099966542      
20          -5767.1391362266204      
21          -6662.7762036483373      
28          -10343.511501668661      
42          -22151.781952720175      
34          -12907.528736706754      
39          -17174.973956849244      
40          -16540.8325736759        
37          -17357.76581871885       
36          -17109.634175901687      
48          -26642.401787729392      
40          -22664.719355118934      
39          -17200.576147068743      
48          -28182.943358754648      
34          -17026.888671872479      
42          -23130.352987392915      
46          -28203.116412036336      
41          -23718.186417043886      
55          -34460.768443816065      
45          -29744.161928331676      
48          -35392.022585580235      
55          -39403.157063714105      
46          -26840.927007058748      
38          -21026.955830793017      
35          -14117.358661247517      
39          -18514.899122679162      
36          -14778.299414456478      
34          -15334.478062198905      
31          -15025.716598451836      
28          -12459.434900932656      
44          -20786.566955761737      
47          -25455.271316497216      
47          -27996.413690098208      
49          -31728.100313557792      
58          -39128.463318677001      
72          -60260.199600890395      
74          -61680.457603462586      
63          -47575.996358765391      
53          -35234.00702115817       
57          -43380.158842865538      
54          -34399.683802471554      
59          -42691.759161751805      
55          -37909.27444575604       
45          -27657.075693802955      
41          -23468.687091798991      
38          -19445.085220858473      
30          -12297.141968922562      
22          -5209.6785900976502      
23          -8298.2360243969961      
25          -7470.1673305736849      
30          -12893.449612457449      
48          -28313.992371235767      
56          -34656.225818892912      
46          -29721.588187358513      
47          -24344.643334258988      
66          -50412.474388387047      
52          -36774.828514243978      
52          -34115.070857912637      
54          -38504.690828893079      
66          -52208.787178890561      
79          -72935.736931915875      
70          -57892.326219745497      
68          -55301.19578976366       
77          -71019.784028324197      
72          -63088.272681896749      
75          -65904.74667185577       
64          -47311.212747624071      
69          -55883.168037768388      
73          -61211.503980813242      
79          -76051.796296102519      
90          -96448.204291973772      
84          -87728.000308970702      
96          -110879.38077601159      
91          -102271.29185956813      
99          -112918.47633115925      
87          -92108.886412962587      
88          -91920.938219529693      
98          -112433.4848653236       
106         -129425.21705125266      
108         -132351.46251446821      
99          -116229.23833077285      
107         -133988.19688124183      
104         -126313.68730821236      
108         -133884.80914051292      
112         -143518.72802382061      
98          -112592.96386230034      
98          -111113.99705273515      
91          -94738.104154629284      
94          -101368.95863293928      
91          -96805.867473784747      
99          -111126.31704554323      
111         -140217.61497884936      
111         -146103.42971166671      
110         -146028.43737478595      
116         -159492.78933150147      
105         -135900.06745501727      
107         -139808.21275905939      
103         -128258.51987058822      
93          -109521.46915494661      
100         -120605.31060465574      
98          -114636.26989319442      
94          -107078.52812984085      
97          -114388.91432532796      
95          -109651.8274663737       
95          -109961.81320994184      
101         -120336.02190401733      
86          -90077.171675780424      
87          -87221.783098756554      
83          -77431.712637128163      
69          -55371.240914814858      
53          -32743.483620279421      
57          -42399.419868374614      
57          -38302.021516425746      
57          -35983.878235044926      
52          -34436.356866406044      
55          -36954.011189416065      
48          -28643.902077106839      
70          -59946.002886111761      
76          -72805.149581901031      
90          -99750.828835798544      
102         -123803.42528729816      
102         -123879.48169997982      
98          -115307.95834249099      
90          -98058.801041166196      
89          -95682.911125137427      
91          -98507.260771870293      
91          -99819.909125855993      
101         -121825.10924100205      
95          -108310.55531372069      
103         -124119.13196863263      
103         -129341.69502809446      
94          -109299.50778851644      
87          -94781.743620607944      
95          -105940.71707634645      
90          -99220.403472154023      
103         -123615.73365550986      
102         -118353.50325601725      
96          -107356.2274410817       
88          -92833.147994486499      
95          -109378.43418916786      
99          -116937.29146985064      
108         -137079.28171574514      
107         -133516.77678707943      
103         -121713.39432808119      
109         -141736.93736379017      
106         -133106.37842878437      
110         -142293.84837743241      
110         -144508.47946449686      
105         -131454.64549084078      
104         -127231.67644723725      
101         -122461.87426888732      
103         -124890.88701478986      
92          -102600.25936740152      
98          -114400.11674005123      
97          -112992.36743232455      
95          -110502.14889658528      
86          -87704.246955670227      
86          -86921.345617640982      
81          -73091.549783663912      
83          -77661.855216205469      
87          -87911.245817293588      
69          -59061.279580445858      
70          -56720.806889342231      
74          -61731.589870145777      
79          -76147.287246728301      
84          -81182.546303264782      
81          -79347.541619173338      
71          -64423.998554611004      
62          -53253.233913836884      
61          -42457.129886203242      
64          -52315.488489922725      
73          -68724.523650661649      
83          -87974.219722629176      
87          -88826.646188452141      
77          -70382.770930468963      
82          -80584.368134508957      
87          -87284.852199712666      
83          -81338.140667805375      
82          -83520.668273112547      
79          -73952.499762474967      
83          -82121.771833113482      
79          -77486.346910486056      
81          -74910.994531087068      
75          -67650.213665001793      
73          -62944.974401743464      
83          -79835.39037455435       
83          -81616.175686342787      
81          -81031.589549221375      
80          -77431.352818228144      
82          -80819.274263209052      
92          -102043.28202084178      
105         -120563.35796150981      
103         -122391.7769294574       
104         -127904.60548109707      
99          -117648.63687112828      
103         -120983.09910298251      
100         -118407.38348804547      
100         -118893.54674161322      
108         -138958.46467839729      
114         -153216.61983081844      
115         -154083.66264401129      
113         -148804.15638731243      
109         -137194.34100801809      
103         -121841.35572735626      
100         -119586.10115000923      
101         -123034.46226512238      
101         -122004.74385315644      
103         -128763.80916793301      
106         -131222.66100845579      
112         -145448.12218327791      
98          -112560.00584171758      
101         -120101.9349453121       
103         -131780.63365793484      
102         -129688.90936134869      
107         -139906.2708898795       
103         -128976.91797160057      
104         -128570.91343146708      
103         -125616.5550339547       
102         -121237.78327205547      
104         -127521.54680025647      
99          -111157.79316099393      
98          -109137.71857526863      
92          -96388.507375458998      
87          -91483.839315208461      
96          -103887.8652672207       
100         -113459.84383491098      
97          -116353.89804922781      
92          -101533.51790088631      
94          -106529.17847275708      
93          -105665.95569382106      
76          -74548.611233889416      
85          -91352.58264483315       
83          -83627.935204171663      
91          -97794.501663873962      
91          -99794.179185018904      
88          -97128.910483971165      
80          -81378.182755105852      
87          -94427.492093650144      
86          -92901.56770342536       
81          -83382.20051517598       
76          -74492.375655505355      
88          -91669.004372401338      
90          -98598.682586141033      
84          -88573.560770527547      
82          -80156.045256439407      
72          -63699.180497553731      
85          -87025.351238081901      
84          -85418.630702028691      
88          -92455.367780855508      
91          -98778.736929174731      
91          -98173.184783819772      
84          -87263.264006746293      
71          -57863.384044189457      
66          -50827.640486732918      
64          -50242.627703922801      
75          -66921.361048038889      
68          -54672.912981771413      
59          -38165.803654840587      
53          -32963.599758232995      
53          -32410.440140069328      
40          -22475.407227134889      
31          -9713.0844797159662      
26          -9127.9518843621918      
27          -10631.187507512488      
40          -19168.811385286859      
34          -13134.538090729953      
37          -14557.832894503481      
25          -8887.9483603258359      
20          -5007.7368592782832      
25          -8111.2413220034523      
30          -11789.143396888298      
27          -10749.691770188099      
45          -28382.738263773725      
48          -28407.039094100801      
52          -40464.430131210902      
58          -44459.287486788744      
73          -65388.28593792719       
62          -51761.848359358453      
71          -60727.369919938646      
83          -76247.35803403602       
76          -67737.029033690807      
76          -63423.614995447322      
75          -65443.211891456929      
70          -60987.430650575581      
67          -53649.172879618884      
57          -44941.422050046545      
63          -52960.967052472239      
63          -51336.488269648711      
59          -44441.364187446095      
62          -44963.202214351564      
44          -27967.318183212963      
61          -44772.51156174775       
55          -35619.262610316247      
59          -47421.991367860363      
66          -49304.775963126136      
54          -38188.827503911059      
65          -54789.932609273019      
70          -57896.607209234484      
72          -62523.773381308703      
77          -68339.81993449846       
78          -69198.551970356479      
83          -81416.500476842892      
91          -97841.55527781925       
93          -97628.998197869674      
93          -96443.855325301352      
87          -84758.165582199566      
80          -75295.794501862081      
86          -84717.140908689631      
79          -75807.490686182791      
74          -65925.94011785301       
86          -84508.663978494558      
77          -72525.995972376099      
76          -69490.335463335461      
75          -68841.409775487278      
95          -101815.67467714187      
94          -98271.094981336137      
91          -95721.536183953605      
74          -67919.96548218478       
87          -86597.98421706559       
88          -91264.523745317565      
98          -108294.83749536503      
92          -92606.166424804658      
79          -70674.20451195685       
83          -76769.784666571533      
70          -64047.731837231389      
75          -63152.811615510698      
64          -47101.242962422955      
57          -40167.554551077395      
52          -37313.88958227924       
60          -44313.420268752161      
51          -32557.23084054641       
53          -33115.661784720694      
54          -36066.388966942453      
51          -32839.84293813134       
54          -41377.77775588353       
56          -46327.191484477633      
57          -48095.611011599518      
67          -56877.223872828814      
73          -61637.958392060493      
67          -57925.606954341565      
59          -43503.887756138356      
49          -32631.223534420973      
35          -17108.086095060829      
51          -31033.598796418817      
50          -28086.915002204463      
50          -31586.75622596006       
50          -29088.858468446328      
61          -46691.697621427629      
54          -39939.094476811428      
46          -27913.767032114443      
46          -25189.740133256422      
44          -25482.895860061217      
49          -29962.358063378586      
49          -32463.075424912273      
47          -27130.122107294981      
44          -24069.655710438172      
55          -41393.233544487164      
62          -50960.729072055867      
63          -49507.418022655002      
53          -32200.96894272248       
49          -29023.948984096303      
45          -27061.414856127358      
48          -28667.771462505021      
57          -38614.439311316084      
59          -38384.567804648716      
57          -37852.275600047309      
53          -35609.007021822668      
51          -33674.9418276656        
31          -11826.654833662846      
26          -5294.1769605431145      
19          -4221.9382764240045      
34          -15506.802799144612      
38          -20006.379081794188      
40          -17666.877713426504      
49          -27785.269049991821      
47          -27831.214083131472      
57          -37735.182333521465      
47          -28064.463156050679      
53          -33634.722817612674      
55          -35838.271249962607      
37          -21870.423697089485      
31          -11368.341843278811      
35          -19235.861975794054      
38          -16502.549668463576      
36          -18440.063010396974      
49          -34189.191609847301      
48          -30413.776072915316      
34          -17622.217639692084      
37          -17938.982362458239      
30          -10010.453871317764      
24          -8874.185202643368       
24          -10480.520874234073      
36          -17467.64098730994       
20          -3894.2996033964641      
21          -5699.294460131664       
28          -10131.609211683655      
32          -11549.787059293098      
23          -9606.115815322386       
12          -2033.9046380822658      
28          -8692.1925540351513      
29          -12956.480159347222      
30          -11250.986863836175      
28          -10685.359502377103      
13          -2934.4401005038462      
17          -3854.779342874459       
20          -6504.7556137720949      
30          -11220.641048545613      
31          -13952.13682447562       
39          -18917.793425404867      
49          -28737.124768692778      
40          -17602.306527222187      
39          -18848.065453425788      
38          -17072.511971913944      
34          -14365.737395750095      
41          -18975.289791294505      
36          -16099.302804287399      
23          -6851.7412067917103      
13          -1842.725259714106       
11          -1283.2230500892792      
17          -5627.4626947759343      
40          -21473.706183797232      
39          -17702.380765533879      
41          -22272.780577090027      
46          -25696.988652716984      
50          -33762.43568924284       
51          -31702.964451349057      
54          -36548.810049920176      
63          -48145.735787587131      
59          -49016.975991668114      
48          -35557.417766737897      
62          -51487.553161917123      
61          -48097.709017556001      
49          -34267.395106839438      
46          -30280.486882534304      
32          -14449.447294337704      
36          -18412.274991379163      
35          -14537.055491398934      
37          -16470.175217410288      
22          -7450.5248366711166      
13          -1749.442333832568       
23          -6110.2998525134844      
44          -25274.629296198902      
61          -42760.751355900757      
65          -50439.50004202906       
75          -64381.346063896235      
79          -71389.827638419825      
71          -60017.860948206806      
69          -55147.685990970698      
60          -45476.33124080921       
49          -24018.152074954738      
50          -31993.640359167504      
51          -34693.017227823642      
50          -34932.093879186839      
56          -38883.536879445805      
62          -53319.33259345853       
62          -52303.124900151844      
61          -48170.982742552231      
68          -62361.717731057819      
70          -61166.118380084874      
71          -61002.442717615173      
74          -66084.607863600104      
84          -79592.548450316186      
72          -61209.913222961535      
68          -59148.799629209083      
67          -52001.814409367966      
60          -44755.755362152857      
69          -60798.16362294311       
74          -62281.6023365539        
73          -65191.623432481021      
76          -69177.827104323878      
82          -79617.606207282704      
75          -70769.74237032012       
88          -94830.255202407367      
86          -87042.393246841195      
80          -75526.892722628225      
73          -61726.017670059453      
70          -62046.589632472998      
68          -59878.158797226919      
76          -67218.655104359364      
74          -64572.979044344997      
78          -74814.93174655948       
88          -90230.155373925169      
101         -114787.19871122084      
109         -134656.96127444046      
103         -123162.68710813936      
101         -116997.44401379382      
102         -118637.71371415192      
106         -126847.72056413659      
103         -123514.88938900986      
92          -100991.49706290785      
102         -121089.11470392357      
90          -97995.009603415048      
92          -105072.10864532825      
95          -110402.93316184162      
99          -115375.59800180286      
92          -97999.478750330512      
83          -86402.067372505349      
84          -85450.143577629729      
80          -76012.44481147232       
64          -51382.557444606289      
70          -59007.500669506466      
75          -71528.471838909638      
78          -76364.14182923855       
79          -73684.187176766602      
70          -58287.309063459572      
72          -64537.565221430625      
76          -67564.612750202024      
63          -47891.219613576337      
63          -49035.448810638787      
51          -31371.379201333912      
51          -32016.9825125836        
46          -28526.674660887795      
64          -49883.32518580644       
67          -53158.038458851159      
63          -48366.48487341922       
69          -58405.569027699217      
75          -68475.031202995713      
64          -48106.88432907447       
60          -46654.362790537314      
60          -48021.105019283757      
56          -38518.651282351762      
54          -32367.528875941745      
61          -41313.895928520215      
57          -39226.960477192479      
49          -29110.22689892826       
58          -40389.426372900351      
50          -30705.638888061279      
47          -25025.298492570928      
33          -14823.484615253696      
23          -5415.6263996178131      
28          -10683.213680965404      
30          -12979.692286723053      
28          -10502.997829104866      
24          -8389.8174138339436      
20          -4340.3680051176088      
42          -23889.899272414568      
24          -8673.661579847625       
20          -5729.9029868495236      
34          -13027.103447602096      
37          -16616.077734758994      
38          -19477.942376756822      
31          -13770.609821172557      
38          -20526.419980078666      
46          -27895.918982121915      
33          -14263.680617697692      
33          -13599.946461645724      
41          -19470.218705916897      
32          -14249.775932646353      
33          -17235.292888596468      
21          -5506.1088364102334      
22          -5729.54193977254        
30          -12052.95112353122       
27          -7833.0760914273924      
29          -12876.927319354363      
25          -12148.077679791277      
27          -10321.98903126326       
28          -11839.261150911099      
30          -9565.6560273653249      
26          -9630.3332593497653      
30          -11478.707186579059      
42          -25193.776088843562      
36          -17667.551199819485      
33          -15019.8127879108        
53          -35996.533327387355      
45          -26241.040831625094      
29          -11848.26681241159       
40          -21879.640004879318      
30          -13756.865845076974      
39          -19567.385914090366      
32          -13521.018078499461      
46          -27093.68960816674       
54          -36555.350537805716      
38          -18278.600554592282      
46          -27323.05368096137       
19          -4466.9847401561383      
19          -4568.2535721678478      
29          -8446.261180778627       
39          -18144.061872914757      
34          -16887.502274156544      
23          -8008.8110769925725      
21          -4849.0939033561726      
19          -3184.4436191639352      
20          -4237.8148239473849      
16          -2533.4793127358689      
27          -10003.250245014413      
21          -5456.0769954293728      
28          -8860.5332633788603      
20          -5591.8037295556442      
14          -2470.3099348672931      
22          -8036.1017088949893      
35          -18807.023269914789      
23          -5584.5271711882342      
35          -19468.978153062006      
25          -8501.5057037586139      
25          -8670.3965249559242      
26          -11140.388962716657      
22          -5821.3621725699859      
38          -15761.298006065335      
48          -26369.5005009325        
39          -17540.807389985697      
64          -48736.483822540249      
60          -43619.928809124242      
52          -31712.355177823665      
54          -38004.551304587374      
52          -40452.978294966539      
53          -38343.810560005106      
55          -42582.554597372058      
65          -53431.676696427232      
79          -70153.955708799258      
80          -74883.323411678546      
65          -54735.541974302119      
68          -55953.493893713756      
62          -42032.814353521462      
53          -35999.377522454903      
52          -33706.421015584747      
52          -33949.977961743047      
57          -41939.035661561757      
44          -23553.508634059574      
39          -22568.668376104524      
32          -15301.78928702086       
16          -3336.077568431509       
34          -14323.933937995596      
27          -10267.3951909317        
23          -5385.9412443835008      
26          -9893.6379316098701      
25          -7933.2019519422001      
25          -7455.615399298822       
26          -8488.8470317095725      
34          -14812.465688213773      
50          -29901.772738818116      
46          -27883.877532028378      
51          -27121.723011180118      
31          -12337.291970260607      
31          -10960.608081609818      
34          -12779.855672088122      
42          -17913.369655684284      
42          -20783.94035859601       
38          -18669.798884677693      
32          -10291.259941707733      
31          -11519.101177710631      
34          -15620.618129186201      
39          -16348.435287726041      
33          -14901.949102017079      
41          -18162.416872639711      
23          -5634.7854365911389      
32          -13231.685534606182      
26          -6194.2862669847873      
42          -22460.88751344441       
48          -32686.240433598348      
67          -51333.331404582743      
66          -50568.836112197299      
58          -43322.7898171946        
47          -31742.685103902873      
56          -41155.831674635381      
43          -23841.158236876188      
45          -31299.478625318159      
38          -19770.749835400271      
26          -10414.53067803335       
27          -10291.878630080699      
23          -8020.2319271213191      
26          -7821.2054937403209      
37          -16277.00448778514       
27          -9091.2294067623825      
26          -10203.293009783938      
25          -7496.9122097733225      
28          -9624.5958755202919      
38          -15374.266866038857      
34          -12540.939496073692      
37          -18528.87741050739       
33          -12393.287141037314      
38          -22307.35517876361       
40          -19083.420056765706      
42          -23471.439727001718      
47          -26006.457267239479      
57          -42285.260080378772      
57          -38149.297662485427      
55          -35982.041858183649      
48          -27530.205137659625      
41          -21396.257004406922      
31          -10132.291056741116      
24          -10507.967741947392      
22          -6571.036638498178       
31          -10077.070727985421      
34          -11172.986422499045      
20          -4887.8961857641425      
24          -6946.1929539553576      
23          -5789.299758623064       
25          -8635.3224277233039      
26          -9835.3436200969045      
28          -9962.0058766011498      
15          -4245.7249816776648      
24          -7736.9536160238295      
23          -7222.1119242598288      
19          -6126.8262204332887      
29          -10459.81056030539       
30          -12144.69543710021       
33          -14581.818832981073      
32          -13022.939869228585      
37          -19348.145085558968      
32          -14112.133971913432      
29          -9927.8451389533002      
16          -3489.5126751183411      
32          -13312.363974115171      
25          -8502.0031912470131      
22          -5959.3589122192634      
21          -6899.6738648998626      
24          -8208.6838085811796      
20          -4431.8593190088195      
25          -6942.606427527061       
20          -6507.7612337301907      
38          -21602.767386702875      
27          -11447.8233579279        
35          -17800.223189474196      
42          -20294.601628113072      
39          -17676.71724187701       
33          -13468.069120324428      
35          -16379.758872064052      
23          -9544.9964047191716      
34          -17962.047103348854      
22          -6028.202964538722       
33          -14509.299044105041      
45          -23841.849134068994      
39          -18742.326912640026      
29          -12423.115507043127      
23          -8128.0508741341546      
14          -3649.91126880295        
18          -4290.1817076163306      
7           -412.96815510261916      
23          -9353.2820145914466      
23          -5042.5458453198571      
21          -5481.59433769511        
18          -3884.8525979627302      
13          -2371.6247344402086      
27          -9116.250979172768       
18          -3890.9024307689165      
18          -3804.6968863563293      
21          -4247.360641711688       
22          -7848.4777928373078      
26          -9952.0716872034372      
29          -11397.673744601598      
32          -13107.572576329283      
31          -11114.440911851105      
31          -11580.116903595424      
31          -13588.893200546969      
33          -12091.673683529985      
38          -19506.386398376137      
36          -17277.395650658938      
34          -15204.887992708022      
34          -16325.986507312105      
40          -19495.784859099542      
33          -13925.680774132879      
24          -7095.1711912019209      
25          -10105.885984995082      
18          -4206.6199096380878      
10          -1069.820598785275       
17          -4385.9252498515216      
19          -3967.2674224706593      
33          -11338.996803658207      
48          -28178.798861328098      
53          -30889.001920458704      
41          -20709.102903996591      
36          -18767.818469650487      
25          -10303.827999379628      
18          -5314.885321662864       
13          -938.21556113236227      
21          -4289.8527845650306      
22          -7125.4948606023572      
25          -7449.4742167848353      
27          -8152.7409946266898      
29          -11348.927977060765      
25          -8016.3899412237697      
26          -8715.2474158052555      
35          -18414.225952171546      
34          -15180.307787648811      
19          -2424.25103574883        
33          -16400.782682010908      
49          -29091.054122934074      
51          -31454.801757609817      
66          -52866.250187452097      
76          -67182.664038373521      
80          -76534.546325550822      
75          -67016.445703084901      
77          -64942.880078318914      
66          -52813.628150643628      
82          -79392.917041686349      
94          -100956.45901527644      
94          -101695.26381440222      
87          -89899.751148620402      
89          -96520.478766546526      
97          -111582.25412119406      
94          -107948.30557176156      
84          -85231.995305264893      
96          -114352.92404569553      
99          -114377.62505032442      
113         -143344.20398518306      
112         -138614.01156340443      
106         -126856.20825165193      
105         -125813.01340607514      
100         -116426.41802240953      
83          -83474.064930671331      
95          -101648.50415316639      
99          -111332.79031342917      
104         -121404.11748192014      
105         -130588.76858132507      
103         -125378.96661760879      
98          -114472.91973653367      
109         -134692.79764422428      
107         -130352.17116292162      
97          -109143.50716448651      
93          -104032.14838294334      
95          -108259.85415314874      
98          -112136.19150446806      
102         -118716.04229308281      
105         -124917.67709742996      
109         -141664.99955099812      
110         -144879.57381863441      
115         -155576.76778849319      
103         -126986.57939253309      
101         -120523.96426010714      
94          -106905.4726592068       
90          -102068.62973432105      
94          -106217.51231085625      
96          -111729.56783087416      
103         -120687.66162199972      
112         -144417.25889250424      
110         -142742.22522033268      
101         -118730.69793867355      
100         -118554.75474221261      
96          -108762.85260770294      
88          -88920.164691179627      
87          -83017.44157832471       
83          -80968.484339882911      
85          -85591.445117974814      
79          -72207.905530750169      
84          -79777.739904682356      
81          -77441.260502109362      
86          -83591.565280320312      
87          -87999.520527920205      
78          -72998.539228518246      
77          -74161.838186299821      
84          -85362.96893348555       
77          -75240.847455766489      
69          -59556.892650695314      
69          -60915.626239481324      
70          -56248.700176797021      
66          -53937.414276877353      
75          -69790.321791904396      
71          -64421.320730148283      
74          -65912.812874680691      
69          -60045.052644373871      
69          -62787.526181273272      
66          -55096.605893002386      
76          -71709.088301387106      
75          -69617.799550432421      
76          -69984.360933275253      
77          -72686.367915111594      
83          -83497.384130705643      
86          -86958.184107123321      
84          -87117.774905886967      
71          -66177.860448128413      
80          -80412.772947927311      
83          -81814.069009620463      
86          -86269.200757987113      
86          -85231.176657429809      
86          -86051.929024849684      
77          -73715.424067119471      
89          -89873.939317931916      
89          -94406.252557840169      
88          -91965.338267835075      
71          -59828.314179899717      
70          -57245.496529216703      
63          -52502.041715421852      
57          -46262.836169270202      
48          -33722.884580221638      
55          -39124.466553669758      
58          -43830.14478826469       
68          -54411.044095237274      
64          -53403.949136728712      
65          -51889.54459363057       
56          -37493.372580752417      
51          -32678.160258311924      
44          -23385.408695812628      
48          -29338.399319049586      
47          -28339.005606474137      
45          -24778.860408331548      
49          -29596.278528812243      
58          -37291.207916631531      
59          -42878.004286065501      
62          -52738.224298506961      
56          -42911.384795911203      
71          -62048.3830257175        
85          -83921.476297512389      
75          -72057.488574174815      
91          -99681.392615964651      
99          -114988.85808092233      
95          -103437.95952175462      
89          -96189.722402111205      
85          -84115.195419088879      
90          -91513.815701456522      
80          -77957.446593897534      
86          -85466.951021530869      
72          -66566.788764070312      
64          -52998.517214687294      
69          -60303.062262608553      
64          -53016.470137221688      
70          -59410.999269115666      
60          -48931.808987036151      
69          -59824.996987205923      
81          -76447.388352604816      
83          -81095.392618610364      
71          -64606.776697904766      
70          -61704.345982894061      
78          -76802.262887506513      
86          -89755.914698742068      
91          -99528.202118472982      
96          -109670.47456260034      
101         -114293.56716789711      
94          -102426.06397364392      
98          -112574.02205460475      
89          -94915.072350617658      
86          -89862.128634503621      
87          -89938.349588756275      
77          -75152.369595899028      
78          -73866.013270735464      
94          -102993.39977824413      
103         -125163.73938394251      
95          -110466.7542512716       
104         -128152.85654142559      
109         -144397.84566374857      
107         -139273.86613190256      
100         -122407.20509463343      
98          -118409.25177081776      
90          -101339.88141568907      
93          -106103.03717426558      
92          -100157.52724067209      
81          -82640.303501806731      
80          -82181.023070440322      
69          -66098.941827374249      
61          -53736.527711307033      
64          -49906.428944477753      
78          -67237.108228865414      
83          -75350.013686290476      
70          -58781.997953276368      
71          -64507.817452910997      
71          -63429.667788557388      
64          -53631.670163107978      
84          -84553.18992894332       
93          -102972.36232459861      
93          -101275.62256915096      
88          -97691.897816657918      
93          -105896.84706062898      
91          -100160.56415891772      
100         -119385.58386145796      
99          -117544.91601657786      
89          -93496.11324374369       
98          -110041.61020282662      
94          -106122.85535193882      
97          -106369.33525281321      
97          -107261.68986443698      
92          -99347.970399080194      
86          -88026.309698651661      
84          -82038.478301283714      
79          -76124.53640875766       
83          -83248.79266744238       
69          -58932.059662714135      
65          -55666.582896087777      
68          -57139.089145987717      
67          -55277.449094053656      
65          -49062.474634858518      
78          -66748.248990622582      
70          -57116.402860770824      
54          -36387.592461028318      
50          -28960.136110937863      
35          -14699.953533664539      
29          -11311.968423773791      
32          -13115.104925359303      
27          -9246.984095767446       
19          -5327.0320724260264      
18          -4206.2976044152792      
16          -2448.6634350808399      
21          -9073.8097610489913      
30          -11170.710432925951      
29          -9164.3565204571296      
25          -7161.5317992493874      
21          -6373.2843050157298      
21          -5867.3443583950984      
26          -8403.697521070415       
20          -7834.1803779364791      
21          -5330.1810122558227      
23          -7066.1850611806221      
24          -10179.676873851684      
23          -8241.2480024750766      
32          -14494.228362485386      
38          -17259.313508966559      
26          -9724.9301036071192      
29          -11940.993183090974      
20          -5282.0165126544425      
25          -9859.528831974163       
34          -17526.402372834247      
35          -18147.539806882181      
35          -17322.240626424682      
33          -13884.336076071178      
30          -11375.37402854985       
37          -19168.394100094014      
27          -8361.0508132986633      
21          -7158.4746059844001      
27          -11601.436725117808      
32          -11645.182592856934      
49          -28039.757162240941      
55          -38631.209602347837      
51          -30931.329894648574      
49          -29107.434272841616      
34          -14587.683433921717      
15          -2280.9007107095267      
25          -9155.1280166697416      
19          -4806.3785171638992      
39          -20895.387301423027      
35          -14663.02858495679       
36          -17105.821311206142      
33          -11915.310719219742      
34          -13617.421574188065      
44          -21480.455443400344      
38          -15510.618302045565      
33          -13979.812659291996      
39          -17103.285753025844      
33          -15219.532833865103      
37          -17080.524095384229      
28          -7465.0788270687281      
42          -20221.93371531451       
41          -20738.197794758078      
32          -12789.153903609233      
34          -12648.975194196397      
30          -12620.981638656818      
32          -12345.203098238268      
29          -9670.4803230955877      
24          -7829.5059819759008      
20          -4282.9287696997026      
24          -9255.7642999488053      
44          -26051.977598023361      
42          -20629.593718367221      
26          -12066.164189307603      
35          -18762.829257983758      
42          -22795.67458285152       
39          -18734.289876564784      
50          -30907.369573018441      
44          -22465.17042475062       
49          -29414.901258421571      
36          -15752.892889173905      
37          -18026.180287199262      
38          -18078.646760761843      
23          -7005.0290071580775      
32          -13509.344892022313      
35          -14600.678748890505      
42          -20434.399161658021      
39          -16502.368148279758      
31          -13467.817307594371      
30          -11639.769667765202      
29          -9038.3427740179159      
25          -7088.5989738711032      
24          -5403.0781095746524      
27          -6646.5510096446833      
14          -2185.0272114768104      
28          -8735.1097009516125      
25          -7911.2689933566971      
25          -7759.1006874246832      
25          -7952.3943257007804      
25          -7528.4086403333258      
30          -9597.4413576091192      
46          -25743.244993054446      
38          -18313.01523441129       
38          -16505.479684585982      
41          -17927.62430812867       
33          -13517.29491031201       
23          -8682.8912292313216      
37          -16092.23439657545       
35          -11141.612768344534      
30          -10276.450419827066      
29          -10417.511207228697      
21          -5432.6977194806768      
23          -8051.9037021710228      
20          -5180.6931029298685      
21          -4395.777141936459       
26          -12761.13004044339       
24          -8700.6990796525552      
35          -15572.222638863605      
39          -17472.604015785088      
36          -16739.686852417773      
38          -17051.120776707321      
29          -10260.463543432292      
29          -10687.926007210825      
30          -12223.073830314839      
22          -7636.0383501011675      
24          -7368.7026283863142      
28          -12202.389750401555      
32          -12945.360002018147      
36          -14897.653063403624      
28          -8331.7080526576465      
29          -9139.3202123425181      
30          -14467.464147012834      
18          -6575.709821694616       
17          -3806.7032103395873      
23          -5282.7431550037491      
41          -22011.069114362166      
37          -18756.851160166538      
32          -14559.404522154189      
37          -18206.353959242628      
32          -15323.410135554317      
43          -20652.399926479931      
43          -23706.229736237972      
47          -27821.548891877494      
51          -31585.86011668263       
50          -30650.683426318355      
53          -32836.831859577229      
61          -41697.079372350563      
58          -42011.421160550002      
52          -33417.133007223318      
43          -22584.498101869809      
40          -22358.911122753758      
36          -16721.177587957089      
30          -10366.062375174522      
34          -11010.008690089533      
31          -13350.618768926914      
24          -7089.6120122891316      
23          -6109.1050495529125      
18          -3711.1475953702984      
27          -8254.2744762839848      
37          -15033.967403337374      
18          -4725.2647431110536      
10          -1185.006365646256       
15          -3021.91169967011        
20          -7780.6788797449281      
24          -7686.133062997189       
26          -8364.2575639909628      
36          -15337.877067959065      
31          -9488.5364384368022      
34          -13800.698695053008      
24          -6226.3657772916658      
33          -12603.539840133148      
21          -4950.47508284586        
33          -13535.338911816714      
43          -24990.162838199649      
24          -9607.6486708244829      
34          -14031.259243450939      
45          -23581.573010960979      
34          -15498.19902284379       
49          -29129.766956223611      
35          -14736.890550060298      
21          -6124.3158314085968      
33          -12737.680680138115      
28          -12137.711787669294      
37          -17031.601321468559      
41          -19315.59484384106       
37          -20021.876515033895      
38          -19294.02590280458       
44          -22690.443348420431      
43          -23220.476005740962      
26          -6576.2135514608062      
36          -13829.887072162514      
41          -21437.045044702329      
35          -15831.655170765125      
26          -8479.5961744838387      
22          -4973.4297308919495      
25          -8952.2823271817888      
34          -14318.84484859726       
32          -13029.822155281798      
38          -18541.692735441655      
30          -11274.05796337388       
36          -16187.238577954959      
39          -16450.293681256371      
35          -16079.262569780109      
40          -20150.837818448992      
48          -30096.031527447169      
60          -42139.061201157361      
54          -38575.318994939778      
47          -34905.139459364764      
57          -41626.834176649158      
53          -32446.734624670942      
60          -43304.950657848705      
62          -49542.928205910408      
46          -33162.40255051625       
53          -35144.544358905201      
54          -35740.683161609631      
38          -18422.365478761199      
49          -29387.754993107599      
50          -32393.641450973009      
39          -21250.954653170909      
47          -27735.72495533144       
36          -16934.208155568274      
46          -27583.24849921943       
55          -37013.631294163613      
55          -38457.627141652956      
47          -28236.007138469802      
41          -20390.672493959912      
35          -15628.474919061473      
27          -8609.2607264157414      
43          -27260.392696871662      
30          -12200.532213618002      
19          -3738.4853958219028      
17          -3902.876871460724       
27          -7613.8295574758913      
18          -3910.6499117949838      
24          -6580.9106620133289      
25          -8600.4193455588174      
24          -4889.1616321413003      
23          -6426.9357548228882      
33          -12313.867339033002      
13          -1645.6934875458401      
13          -2898.2130101530856      
24          -6349.1318081212212      
17          -3205.1373829258087      
31          -10107.983150796819      
33          -14348.651318518832      
44          -23067.562111908199      
36          -15105.851157833009      
40          -19135.284015596695      
44          -18917.385932629608      
26          -10335.850809568672      
31          -16132.557362231564      
45          -25139.846942509172      
45          -23749.953276544882      
33          -18883.233683195998      
31          -13765.319845462622      
27          -10104.117897409669      
15          -3718.1864685964547      
19          -3379.3751443424694      
23          -6355.4425879272103      
35          -10764.232195824419      
12          -1917.263291438378       
16          -3460.2779410647508      
17          -3794.2102269083912      
21          -6577.8873175461686      
22          -6388.3437457147093      
36          -11798.659990913626      
43          -18774.371904709329      
29          -8541.4358483076176      
25          -6963.3737216442787      
17          -4014.7063493545711      
15          -4249.9430068234278      
23          -8015.6632578464041      
33          -15534.651690376359      
37          -17408.618267078975      
34          -13306.791590922132      
26          -5969.9181029551137      
16          -2298.7908837550508      
21          -4995.8278279711221      
30          -12634.38516007121       
33          -13082.195054493615      
19          -4341.600852582189       
20          -4776.1000545344823      
23          -6392.0846180826393      
29          -9583.4381006270705      
32          -17861.70890456593       
46          -28844.152075133112      
35          -19413.92805458801       
33          -17725.253548710258      
20          -6526.1684086396963      
30          -12182.437169600787      
34          -13523.503828587547      
34          -14232.875731880236      
37          -15904.845520892861      
38          -19097.797262839231      
36          -18091.799245108603      
25          -9766.697186311063       
31          -14605.380152071031      
34          -16574.093093197265      
39          -23852.340000335022      
52          -37668.446423095054      
52          -33670.90710856035       
39          -21030.370828543677      
48          -27651.050109272266      
40          -16825.48452443703       
29          -11431.730337711439      
26          -9629.3091365910641      
14          -3298.2804608116653      
15          -3061.3566599402038      
23          -6398.2363505263729      
27          -8282.253625278121       
21          -5208.0705348558677      
20          -8516.2973618099186      
33          -16698.253570933692      
32          -10598.459983756875      
16          -3570.5422986132862      
21          -4285.2463293757801      
25          -8082.5184091679757      
29          -12250.964142008799      
25          -7875.5095004482655      
23          -5384.9009344185033      
28          -9218.3538668052643      
23          -8560.5404244777565      
19          -4587.1234070994024      
34          -15115.134596640422      
28          -9495.9977340856585      
30          -11518.647361910804      
22          -6328.8028453950974      
22          -7312.5960295550049      
16          -3416.4940416894888      
27          -7575.8297343255872      
21          -7364.307676181872       
22          -5779.9597153564664      
18          -3845.1156879281903      
23          -5294.4099108011078      
23          -7736.2602760859509      
32          -11010.799074012981      
32          -12921.707571543962      
17          -3792.886056157145       
22          -4305.2477010199191      
29          -12809.815375994283      
33          -13354.30476915874       
39          -18597.223596358781      
38          -15576.887322352923      
35          -13422.053972693078      
31          -8950.1451173654641      
41          -20753.772834082381      
40          -20116.532960467859      
36          -20272.623090764715      
32          -11718.707320277828      
32          -15875.658774070296      
24          -6689.5849754486389      
27          -8183.9526314653776      
42          -20608.634202614834      
44          -24318.054525308089      
37          -16915.753846232888      
41          -18942.085146969745      
37          -16722.654632812719      
35          -15602.217173481853      
30          -10794.227301802286      
33          -15279.270443526357      
25          -8323.183560334468       
19          -7379.6049933482254      
26          -6785.6367833449158      
14          -2032.4558858894143      
28          -11801.396575866567      
26          -6127.6307618616775      
20          -5198.4867103685237      
29          -10791.156278726052      
26          -10567.449834182768      
29          -11896.981517011149      
29          -11123.008782608535      
25          -8487.4321901326293      
23          -6385.3147672807863      
23          -9996.8777236859587      
24          -7443.2733090247066      
15          -2056.7989148098113      
18          -4354.402687589366       
14          -2458.1455866635279      
28          -8013.8149668157894      
26          -9772.5944305955436      
22          -4734.2342552055634      
15          -3408.1955894023868      
16          -3249.2657135563468      
29          -9225.0875466750513      
34          -13236.536766988336      
40          -18452.86324387405       
44          -21384.030797712832      
40          -21280.716604401499      
46          -27547.090615017645      
42          -25898.612152441154      
45          -29487.981146994636      
29          -12256.438664451589      
42          -22927.009637549876      
40          -24509.93356573888       
48          -28708.015500259502      
44          -29042.087659620844      
58          -42894.62302428879       
51          -32399.417302242698      
58          -39056.380241774168      
61          -46175.011272398202      
57          -42598.151775990053      
61          -50076.369381697601      
43          -22155.323083707699      
39          -17111.550175201115      
34          -17128.595782070141      
33          -15318.981077345616      
39          -22178.63997068453       
52          -32266.410070444461      
54          -34395.997797040538      
45          -26559.495233277572      
38          -24638.458036081356      
58          -46954.150931672186      
57          -45160.829772836034      
45          -28714.38889098278       
40          -19356.066589535378      
36          -14125.92065307259       
30          -8626.0883626723789      
20          -3973.7991543360185      
16          -2269.2099157676462      
27          -10901.459652908166      
27          -11080.560433154098      
32          -13312.862134837969      
32          -17665.94072680717       
38          -19241.829626665203      
36          -20584.81312217001       
38          -19587.610441831803      
35          -14816.43434209035       
40          -18408.059850500511      
47          -26250.045833885619      
34          -14222.910957880569      
41          -19693.778133967673      
28          -8529.0366634978345      
26          -8285.9838351781764      
25          -9591.1881953592056      
25          -6937.5991283402209      
34          -12302.202866964917      
23          -7424.9520939747954      
22          -6227.7178660622931      
22          -5453.8312798703146      
22          -5530.3930078066805      
27          -8922.9481689481563      
17          -3341.6274499551032      
21          -5632.4823634142995      
32          -12172.573542098393      
20          -4796.5228196087355      
25          -8692.7524799349885      
20          -3044.2279612251059      
17          -3290.8219405314112      
20          -5297.1998466140521      
23          -5927.6569621634226      
27          -11219.884355556551      
21          -8721.3575848758319      
27          -7233.1850665902712      
20          -4065.8743040921577      
23          -6214.1469312246036      
24          -10912.799419624318      
41          -17061.642051111281      
