140 1 -920 25 25 25
233         -108925.63482497512      
237         -111694.78567670584      
235         -109560.73147658996      
230         -106011.34185183396      
234         -108965.5870115664       
237         -109403.78087741055      
233         -107815.03926634396      
240         -114773.57775094261      
241         -115205.88771414738      
237         -112058.83732469942      
238         -113749.92138919247      
238         -113809.06946035396      
237         -113466.06811271368      
243         -119446.48090077072      
245         -122034.43282114866      
254         -129927.34861428625      
251         -126841.65619976257      
251         -124825.42041666739      
255         -127188.03275615942      
254         -126931.26954405486      
253         -127487.71032621308      
254         -129689.73035232666      
250         -126605.12695627783      
241         -117145.59180330364      
247         -122097.28646177208      
247         -120306.68289033431      
243         -118338.55800428824      
242         -116804.43094224592      
244         -118663.21541473047      
247         -121225.0420543978       
252         -125910.24268736308      
249         -123614.00497670411      
246         -120013.94744933854      
246         -119966.8670602022       
244         -117498.37062475643      
242         -115532.20566903679      
235         -111074.63907467687      
236         -111137.56716489092      
244         -117112.38511620845      
245         -120573.59388117353      
242         -116229.86793150888      
231         -108249.76848037764      
244         -117913.07360951847      
250         -120916.48018718096      
239         -112546.14164983726      
226         -101912.05704952606      
240         -113500.37318680021      
239         -113193.84368567902      
240         -113502.25678658007      
239         -113401.25549617579      
233         -107630.00902340269      
230         -106664.23751341886      
237         -111846.39549760339      
233         -108929.06307255551      
238         -112745.59977874537      
232         -108416.90046918893      
230         -106351.3806211312       
237         -111078.73105708811      
238         -112367.27333070099      
238         -112688.20751907125      
239         -113575.95312449816      
238         -112459.13812550016      
232         -108519.08019452394      
236         -110787.51849088346      
233         -108063.77801781778      
237         -112373.15224445336      
241         -116117.91717349966      
242         -116881.24351120049      
243         -117737.72501612113      
242         -117085.8837262884       
243         -118586.21951500271      
252         -128137.082519623        
256         -132675.0591334007       
253         -130600.23964368855      
253         -128758.86138363174      
256         -130632.49951050137      
248         -123512.85944946391      
246         -123345.45802093724      
248         -124169.88505660543      
244         -120478.86627460283      
236         -113907.07124236034      
242         -118219.92588783434      
244         -121999.4965463229       
245         -123138.80475423194      
247         -124410.62703933461      
244         -121739.87881106984      
246         -122068.65517851223      
251         -126107.38967384615      
248         -122765.78315689544      
254         -126254.97259043765      
255         -127632.60719735581      
249         -123298.14742039367      
249         -123814.96180722554      
246         -122215.65001560144      
245         -120535.02658069185      
236         -113217.01076570396      
235         -110923.51837091999      
227         -104220.05483928326      
229         -105521.74944174284      
229         -105915.20310627503      
226         -102649.74451249989      
230         -105717.31695343116      
231         -106263.51504421304      
238         -112177.09138722603      
228         -106211.23840444458      
226         -103789.96831555829      
229         -105988.22699784848      
231         -106739.27087809685      
222         -99426.725938745454      
223         -99466.716782903648      
228         -103219.17320054352      
232         -106644.64673635919      
230         -106158.46548368412      
221         -98649.631442639526      
225         -100792.72551817667      
229         -102908.00038243948      
230         -106247.73112042558      
233         -110043.2938371808       
235         -110874.71383918214      
239         -114635.48487817685      
238         -114256.45413750493      
242         -117685.4068886751       
243         -117365.6517149326       
244         -116524.19398327493      
242         -117145.41900519155      
245         -118716.00312387258      
243         -118654.49170607979      
250         -124559.117682824        
253         -130037.95324838947      
253         -128378.22574563963      
245         -121681.40403723049      
240         -117370.94359840095      
236         -113376.60847471048      
238         -114484.50570769046      
240         -117009.66510015324      
248         -123206.53150447109      
245         -120497.76413653097      
248         -122615.59222154946      
250         -123327.28312457497      
251         -124625.71766902864      
252         -125500.00364466089      
255         -126793.77039341173      
252         -124413.83478623207      
255         -128567.73862510767      
245         -120713.72952493388      
249         -126109.08023939953      
249         -125784.51352541805      
248         -122553.27343538443      
247         -120876.3813552871       
252         -125619.44433598631      
242         -117811.07865191922      
246         -122395.90597951227      
240         -116951.89342376599      
243         -119587.10194411314      
241         -117857.7669048985       
241         -116403.0443176328       
240         -115500.17305009719      
240         -116149.30959829787      
241         -116195.48857768491      
238         -113897.72143606145      
230         -106686.1081966114       
233         -108749.07122637937      
242         -116919.27662143052      
245         -119962.38442035689      
248         -123146.20694766688      
247         -122129.94362926127      
248         -123000.42992775823      
248         -122315.91668632062      
244         -118289.28903765617      
242         -117223.08297764124      
239         -114591.15623511589      
247         -120435.50928886807      
249         -124445.61027400846      
250         -125046.57202066052      
249         -123519.75933119256      
248         -123010.62490961548      
250         -125553.26199529647      
251         -126487.26467293076      
255         -129559.75546225091      
252         -126483.50354867133      
255         -129684.22534706733      
259         -132552.26700322621      
255         -131048.441771361        
254         -130334.07481346493      
247         -125174.75404771659      
240         -118602.72682166997      
243         -120137.71930326958      
241         -118063.33263378085      
246         -121488.75452209522      
244         -119601.34020308984      
239         -116093.58734732124      
241         -115434.35591814198      
237         -114673.76008742074      
237         -114929.27593761613      
234         -111243.69975641828      
234         -110439.19423832429      
235         -109589.04470243913      
240         -114055.79775550491      
240         -114337.83001384109      
242         -116368.50105722269      
246         -120791.12050494272      
244         -119238.81769078202      
244         -118784.39941708588      
241         -116143.63557944112      
242         -116845.92713506137      
234         -111988.51511518062      
237         -113070.65913771429      
240         -114504.86257037458      
238         -113131.0018220624       
246         -119594.05202174712      
244         -119365.31187093884      
243         -120934.55883854843      
243         -121765.17044577311      
243         -120363.80357311388      
242         -118311.17146417082      
244         -119215.39137734109      
244         -119799.18504000516      
245         -121870.12162554947      
246         -121260.76747959018      
240         -117085.36084500214      
240         -116178.91649673939      
243         -116556.63648839155      
241         -114669.8702692787       
241         -115540.64342218735      
249         -124087.49841153513      
248         -123655.68699587246      
248         -124130.87786851336      
253         -128652.59151347137      
253         -129402.99577924017      
254         -131024.46659998536      
253         -129920.40251753165      
258         -133011.42219984985      
245         -122578.77626598801      
241         -118344.36730380096      
247         -121763.61191336811      
250         -125355.71670339126      
258         -131669.28303695639      
259         -132362.59526347273      
260         -133289.40181629092      
259         -132394.64718493039      
258         -131534.78185645057      
260         -133718.49499117112      
257         -129790.09386353257      
262         -135881.48481731588      
263         -137554.79396623684      
261         -136194.99500447704      
260         -134797.84689211519      
260         -134742.18911360452      
260         -135890.39226880888      
264         -138261.93326341611      
260         -136415.64442388294      
262         -138039.81006471481      
264         -139660.15910758974      
258         -133142.7857079611       
257         -133008.00636012133      
261         -135720.22257013118      
263         -136586.69759520551      
258         -131936.22828391261      
259         -133460.21114147906      
259         -133757.49266404318      
257         -131319.80417521231      
256         -131567.66641971274      
247         -124743.42431220626      
248         -125301.17745672411      
250         -127338.19357954391      
248         -124976.79606614576      
251         -127779.16405438336      
254         -128333.7292481771       
252         -128424.75969293057      
251         -127590.02774342451      
245         -122674.34205412037      
254         -129621.36497374628      
259         -135489.76835930371      
265         -141276.31207259881      
260         -136179.8646840885       
266         -141390.15317876582      
261         -136801.96069930089      
260         -136594.08817131177      
250         -127732.87805477846      
259         -134093.81380882251      
262         -137342.76470359557      
257         -132687.58242965047      
258         -133415.63730131194      
254         -130286.87678594475      
251         -127724.89439644017      
250         -125200.81704822327      
249         -123575.21934712255      
245         -118918.32629219511      
241         -115186.76121532665      
239         -112848.85359946979      
240         -113799.86198735297      
249         -120337.65470806583      
247         -120126.83094754095      
246         -119560.01957918593      
250         -122183.56202158755      
254         -125774.49495848744      
249         -121964.63157278694      
245         -119067.65205186345      
242         -119545.2622930396       
241         -117515.33371957777      
235         -111580.71383434132      
235         -111734.58550742829      
228         -105139.16249364891      
230         -106445.61919345411      
228         -104177.05143265703      
221         -98441.956499498076      
222         -100645.7846068548       
224         -101600.01112880785      
223         -100498.84364864923      
231         -105171.8659029954       
237         -110899.13928653527      
231         -106783.97098797874      
237         -112408.73512594352      
245         -119467.13571337718      
251         -125139.32318515421      
248         -122695.79022349656      
245         -120844.87668382366      
242         -117967.02567141791      
239         -114512.80465897333      
239         -116149.52537405683      
241         -116894.91000161284      
238         -112712.24830747259      
240         -115382.60534129289      
245         -119904.49562743843      
242         -118146.32765946527      
247         -122906.99221573073      
247         -124014.97787613576      
248         -124370.58887973853      
246         -123074.59935992693      
250         -126343.43327531182      
245         -121842.84786010708      
242         -119050.81549534226      
237         -115885.42302421331      
251         -125102.21978108236      
252         -125543.86902184789      
253         -126734.33898157824      
250         -126381.32531608199      
250         -126480.82730388705      
250         -126229.00102255715      
251         -126063.71676585855      
250         -125206.47470138856      
243         -120332.72558126945      
241         -118876.42746515854      
240         -118103.11484591772      
243         -119624.46876760753      
246         -121674.12004800572      
246         -122077.9128605242       
238         -115869.40474532045      
233         -111414.1271462491       
238         -114015.64545943969      
241         -116803.74950060564      
241         -114432.40558867302      
244         -118019.61376503516      
250         -123287.74764972187      
245         -117720.8628196225       
244         -116346.90551624206      
240         -113834.41962177513      
236         -111934.3324885804       
228         -106407.82866777989      
242         -117420.39636317565      
236         -112234.61116396582      
245         -119341.09970335824      
240         -114456.38476443704      
242         -116423.0473479823       
240         -116161.18539363974      
238         -113596.51256274708      
239         -114921.72999657094      
240         -116503.46045197998      
237         -112127.00794663372      
233         -108664.11082971471      
232         -107704.86239408533      
240         -113162.19235762184      
239         -112272.24812065685      
240         -113366.26418824177      
239         -112388.85031438791      
241         -113809.16487250746      
232         -107742.22500913392      
241         -115126.1046202321       
233         -108153.56675740858      
231         -106996.35905548255      
232         -107933.03311720902      
241         -115731.86051075686      
239         -113922.09973448873      
242         -114316.2602045996       
242         -116784.66626307773      
240         -114981.65414420246      
248         -120962.95112902216      
243         -118145.61888566842      
251         -124362.19747094039      
250         -123460.62032168938      
245         -119746.50122810026      
248         -121064.45744822461      
246         -119988.1392575702       
242         -117429.91347856313      
248         -119780.24061149638      
238         -111769.41046520283      
241         -113932.90170494751      
241         -114002.9057995527       
243         -115378.60411172319      
241         -115063.28491772838      
243         -118350.85376542059      
245         -120036.58712910606      
242         -118226.86807835106      
238         -115552.04676981572      
237         -113283.00933564041      
230         -105346.80473326991      
240         -114448.76665683075      
241         -116055.62574158621      
246         -121528.21573304207      
251         -125516.85344390394      
258         -132233.87315596623      
251         -125689.24259855936      
247         -123929.16250892034      
246         -121606.67004669279      
242         -117291.0650643913       
243         -116856.8605106895       
249         -123349.03632364266      
243         -119856.28423491196      
255         -128232.1818586966       
256         -130817.26433809726      
259         -132768.90582680929      
263         -136637.68351165054      
261         -136073.20430904994      
262         -137370.69393796712      
262         -138558.85770394924      
268         -143880.76256725163      
264         -140993.82166662908      
265         -141533.45730678283      
259         -135199.68256109531      
260         -136659.6505071962       
258         -134827.97513689561      
263         -139037.63999322217      
261         -137973.3163243476       
262         -137763.07104140983      
253         -129358.53225163747      
256         -131358.14500247268      
252         -127586.20859142015      
252         -128465.21806056758      
251         -128921.11319946374      
247         -124075.97564212505      
253         -128408.07421214257      
253         -128096.63398767149      
260         -134716.5010931369       
258         -132589.10084478109      
260         -135677.35319500783      
258         -134121.40299423496      
263         -137198.61981697724      
262         -136328.6846511972       
257         -133963.11077275508      
248         -126305.44276234292      
249         -124823.08989708411      
243         -121449.12269947868      
248         -122996.47009916793      
244         -118102.89966777091      
245         -119809.5845387865       
245         -119762.58420737185      
248         -122364.95155015451      
240         -116888.71197737385      
243         -118995.0913885136       
250         -123942.77235613973      
245         -121302.96938388076      
247         -123356.27841784264      
249         -124203.82084540078      
249         -124930.36463307579      
257         -130148.15462685941      
255         -130179.25566940282      
256         -130863.59230628765      
254         -129174.63981252526      
260         -134206.4491365334       
257         -131964.40308574142      
257         -133054.31709142198      
255         -130310.56419560079      
258         -132438.18247451889      
258         -131574.74759864536      
253         -126864.89094699331      
254         -129049.47940036448      
256         -129360.37306392874      
253         -126885.04932289427      
254         -128271.88848961721      
257         -131118.15622395807      
252         -126303.74609572256      
255         -129483.66073541982      
258         -131923.57169649878      
261         -135383.38798904131      
263         -137515.73369644376      
265         -137972.71644424347      
270         -142851.99596768452      
265         -139426.97596814932      
266         -141091.87938914655      
267         -142018.05741699249      
267         -142937.80834417208      
269         -142409.77813206168      
270         -143514.51713861656      
269         -144235.47819755637      
265         -140761.27498582494      
262         -137723.33282934738      
268         -144152.52048696732      
264         -139989.60263121634      
259         -135181.00413344306      
253         -129856.91238525396      
252         -127058.36341781776      
251         -125382.87381099722      
241         -118390.61253017964      
249         -123786.21366279077      
251         -125909.68009672996      
251         -124399.55200985713      
243         -119392.71071057941      
246         -121011.15654952466      
244         -119490.78085978107      
238         -112251.84402498745      
240         -115586.81757021588      
242         -117652.37432952362      
244         -118129.07577990177      
249         -122724.47754526541      
254         -126842.22729037213      
248         -122409.43635120739      
250         -125005.53740596573      
241         -116749.03027129758      
237         -112326.0028224758       
238         -111562.06477400761      
228         -102243.70730668871      
229         -104478.79959978953      
236         -110150.48109590304      
232         -108304.01596130952      
226         -102718.41618177638      
229         -105550.93429510848      
228         -105293.82880217989      
231         -108995.64285644953      
233         -110680.17275837254      
237         -111217.41429662942      
238         -112046.72691805514      
236         -110449.91459152455      
235         -110215.83676743673      
240         -113224.60386301641      
243         -115578.39646896292      
243         -117177.27100644287      
243         -116124.42320756252      
245         -118318.14665441075      
251         -122985.02950535712      
247         -120666.73195983672      
249         -122382.21153252111      
247         -119856.1633315276       
244         -117202.45040968251      
239         -112001.77603757347      
241         -113149.36418708779      
246         -117351.26147999478      
251         -122655.98899743878      
250         -121901.36847988023      
250         -122906.92083921819      
250         -121720.83681029176      
255         -126747.49685787699      
248         -121643.15674260794      
252         -125021.78591865979      
253         -125442.49349038066      
252         -124989.7350350788       
250         -124203.68335012606      
244         -119342.60346233148      
240         -115830.59485364601      
249         -121853.04229967372      
250         -119940.9178681098       
252         -122756.41504264604      
246         -120081.6750749186       
246         -120892.07284643105      
252         -125381.24662567345      
247         -122823.4406999847       
246         -122561.94799791872      
253         -126754.56216211955      
251         -124652.41001150684      
244         -118820.91519031681      
247         -121403.06083098453      
245         -121538.05713716343      
243         -117221.24794002075      
236         -112869.42889099142      
236         -114129.93287960941      
239         -117032.17546185068      
236         -112659.90273569229      
236         -113217.71641082274      
235         -111290.53375650023      
235         -112776.8326112638       
242         -119269.77965552802      
242         -117720.55358894018      
241         -117362.80408383833      
240         -116537.26170035551      
245         -118845.01882662559      
252         -124783.59154881288      
251         -124849.14370329678      
243         -117476.63896269203      
247         -121094.61681393269      
248         -122467.26907578846      
248         -123200.21397252174      
245         -120916.74247478468      
245         -119264.64305242541      
246         -120457.28210967901      
245         -119431.86896780859      
239         -114594.18637501154      
241         -117187.73747424166      
236         -111901.95475117408      
231         -108321.93014064152      
232         -110070.70184801835      
236         -112691.40163128712      
234         -111003.80594025641      
229         -107775.53049189266      
236         -112413.56806312913      
243         -118244.41885847106      
237         -112704.43585519445      
242         -117919.08765190978      
243         -118863.91347706268      
245         -123056.84223633687      
246         -122210.28078063336      
250         -125510.45744314563      
249         -124732.05830659832      
251         -127404.70486492426      
248         -124562.71251788603      
251         -127276.68744826662      
251         -126597.35993332586      
251         -126235.71485675202      
248         -123497.16632469921      
254         -127556.36013532685      
249         -123944.37381194299      
244         -118620.10483803524      
239         -114520.46513652513      
237         -113041.70945585892      
252         -129008.1032904318       
255         -130176.35118392418      
255         -130474.55240648366      
253         -128843.66486073007      
254         -129605.54410164362      
259         -134389.94262870331      
263         -138285.04157076945      
260         -135947.29995688616      
259         -133282.35328922895      
255         -129352.34854644589      
253         -126611.01851412391      
245         -119712.63045408714      
247         -121005.57640666539      
252         -125944.86086080366      
254         -126449.98039637863      
250         -123966.32895083963      
251         -123659.61990477699      
254         -126473.95754654024      
252         -125374.42858601833      
254         -128480.65263526136      
255         -129032.65797020434      
254         -127927.09343588592      
253         -128809.76628202375      
253         -128152.17711834233      
256         -129534.68059825541      
253         -127619.86208773313      
250         -125089.22247530971      
249         -124071.60677818568      
245         -120765.32075391964      
238         -114663.88728395452      
243         -119102.08408973514      
234         -113543.75913203266      
243         -120742.12767747298      
246         -122204.50104580936      
246         -122393.54598648023      
254         -129583.08677840441      
250         -127237.47519677322      
251         -128747.34267798006      
251         -127715.14812126533      
252         -127678.93134513681      
252         -128918.73897805126      
250         -126535.68840377555      
250         -126305.74419922246      
247         -123973.45196586943      
249         -125258.00959491212      
245         -122437.44723578071      
246         -122035.86254267796      
251         -125808.707859567        
246         -121654.67507936257      
254         -127715.32919735696      
249         -123042.54084892488      
252         -125965.44210608758      
256         -128670.95424284317      
254         -127677.56695072094      
256         -128583.70248045838      
256         -126705.18405920478      
255         -127678.20752710656      
255         -128231.73066765806      
255         -128963.3658571745       
250         -123775.64750806648      
247         -122124.54853620828      
248         -122742.97613568576      
254         -129616.52807252695      
246         -122391.17704155785      
249         -125270.91177775564      
239         -117048.73880024499      
243         -119213.54106112823      
246         -120039.21208672202      
245         -117588.45336126738      
238         -115215.43168943253      
244         -118302.3505350075       
244         -117931.87247855989      
242         -116871.66335318181      
245         -120910.40622519774      
252         -126264.77201977654      
252         -126111.43125476896      
254         -127732.72126802093      
253         -126824.51819322414      
240         -117059.03639841925      
236         -112678.17266161588      
239         -114121.18171731511      
244         -117480.53162808088      
244         -118799.981863248        
241         -118151.69106194003      
242         -118190.41189515681      
236         -111311.78967661801      
234         -109190.64548678379      
243         -116755.98474717457      
241         -114847.87549036724      
247         -120154.00786935583      
248         -120780.6397318315       
235         -110019.7971872854       
228         -104376.58009148044      
233         -107021.77827517022      
235         -107419.65827931264      
239         -110752.25040980213      
234         -107241.08494290688      
232         -105441.02412260663      
226         -100010.9172595009       
230         -104512.80755039872      
225         -99874.625231139842      
235         -108155.37315953497      
232         -105555.06270765366      
238         -111408.85351526707      
239         -114184.0792851125       
233         -109182.72302520236      
234         -111625.32198274929      
228         -107524.74709380852      
233         -110820.85744557362      
238         -113607.22876197089      
236         -110605.21772103359      
235         -109998.09204062112      
230         -106144.69141510371      
237         -112249.15905177731      
236         -112955.29908460367      
235         -111850.96144645392      
237         -114504.08760518649      
232         -109244.73578824164      
232         -108182.95114486523      
237         -112031.94575306367      
231         -105783.71004741036      
226         -102154.75312001652      
233         -106175.89525030654      
236         -108014.35165286889      
239         -112252.63580731791      
239         -113121.07698787955      
231         -107973.83644767269      
228         -104693.319130167        
236         -109649.9218760002       
236         -109958.00261926548      
242         -115566.76308556898      
239         -113659.43495779327      
241         -116708.94060036878      
244         -118466.93893095489      
246         -119893.23260092671      
243         -118602.39381393047      
241         -114308.35518914662      
242         -115316.95274884198      
239         -114089.96040087115      
237         -111777.92912231942      
237         -111317.96235162378      
241         -115596.46604482915      
242         -118781.79120052108      
243         -118791.22314541264      
243         -117830.75224562474      
240         -115517.13643982272      
243         -118797.66449946638      
243         -119371.33667413337      
237         -114097.27293845375      
236         -113490.4212753161       
240         -115765.87537049952      
241         -116391.14256086855      
240         -115965.59911116077      
244         -119187.75313063763      
237         -113140.63873993616      
242         -115874.39028642712      
241         -114199.1996933874       
246         -118105.21942876957      
243         -116820.09886809807      
242         -115999.76638415022      
241         -114810.09345111846      
231         -106665.65847017666      
232         -108266.38148370919      
236         -110385.87823861704      
241         -114369.66860434551      
238         -111150.86922061873      
237         -110107.5520552696       
236         -108866.11155773916      
232         -105360.20503436775      
236         -107342.56352471506      
233         -104213.5158612333       
228         -101845.85239852086      
230         -103185.34601568637      
235         -107670.07815979433      
235         -108610.21841795092      
239         -111331.4247736765       
235         -109060.12490260584      
241         -113361.26881073615      
241         -114908.56437323135      
244         -119027.62467296967      
241         -116936.1923094486       
238         -113183.55253849782      
239         -114554.34103281848      
242         -117344.29446967834      
248         -122850.77932794567      
251         -125776.16913309354      
252         -126148.4460671651       
240         -116817.20877722454      
240         -115569.22186805779      
237         -114334.64557963496      
227         -105374.9225919703       
225         -100957.18575701855      
228         -103242.7765292406       
229         -104116.28908171442      
227         -103354.35550860134      
227         -103682.7271243229       
216         -95150.505839261357      
218         -96177.481802212249      
219         -94963.8606841617        
221         -96512.43060212936       
227         -101801.94016620719      
219         -94430.079707312441      
210         -87814.400858589244      
222         -94428.685666106641      
218         -93685.277877219167      
217         -93368.494994346533      
221         -96753.617508499592      
217         -94354.829346368657      
210         -89758.265066626991      
209         -88964.596800170475      
217         -94184.980317974085      
211         -91470.597503196695      
217         -95792.240108387196      
217         -95190.398046112867      
221         -98577.113941454721      
223         -100661.2678930171       
225         -102557.66533292971      
224         -100248.6262103117       
222         -98693.37540704351       
228         -102753.68685139333      
233         -106065.53430523127      
229         -104018.83213935439      
230         -103879.05869603372      
229         -104468.11080035723      
233         -107401.96180893904      
230         -106768.24270007553      
230         -105081.99263379085      
231         -106814.41009803479      
235         -108378.291481247        
238         -110171.26018743525      
237         -108958.71063176305      
229         -104589.79154410292      
229         -104112.74445099309      
230         -104943.24427783983      
228         -104166.53719934962      
229         -104436.91966809082      
229         -105426.11432465888      
229         -104043.94463196291      
229         -103994.77831672384      
236         -108145.90698142195      
237         -110234.78818872385      
234         -108996.67350525869      
237         -112189.09824205015      
232         -108237.45777822006      
232         -109695.77074007031      
236         -111491.40053423305      
244         -117135.58882261107      
245         -118578.93428367013      
241         -115309.12719147097      
248         -119683.10691362964      
246         -119775.58035697856      
248         -121626.82758194114      
245         -120065.84170122378      
244         -118222.62037105477      
249         -122054.80256774022      
250         -122943.53829532971      
241         -115849.70296008147      
246         -119493.57660882593      
243         -117639.00386466116      
240         -114913.07163953586      
243         -117483.14367062951      
240         -114365.01125142774      
240         -113925.41628388377      
238         -110813.21631540509      
237         -109554.19505621522      
240         -113198.68424944927      
250         -122843.23848193162      
247         -119758.37672654183      
243         -115997.70818539902      
250         -123894.85337554534      
246         -120453.5240109703       
243         -118490.60940724499      
245         -119862.05611064467      
251         -126441.3780815779       
253         -128500.61085956985      
253         -127072.89352780685      
253         -128737.52322773481      
244         -123050.14045878181      
249         -127891.76532641005      
252         -129898.85395804171      
258         -134930.6437630775       
250         -126389.57347079359      
255         -131409.50784243873      
254         -131186.34541978195      
253         -129859.62668847672      
253         -127333.59974396814      
252         -126712.67231071807      
254         -127777.47549599747      
257         -130741.3592187311       
254         -129540.39997216905      
258         -132855.46541505115      
260         -135986.80214866606      
254         -130973.60877800852      
259         -133211.87070416316      
256         -131602.94847167446      
254         -128984.30202556311      
255         -129530.395115409        
260         -135533.49767399667      
256         -132869.68235080398      
259         -135363.15336433923      
254         -130924.99808557334      
259         -133496.06372664243      
261         -135753.40247709712      
255         -131493.2044054803       
252         -128272.21950244121      
246         -123250.07434999711      
246         -120892.23283212495      
246         -123157.73003318513      
238         -116378.51261594823      
244         -119021.50494655537      
237         -113732.24775373137      
239         -114653.65192967613      
238         -113743.91296911825      
237         -112879.01774143838      
234         -110624.79409978131      
230         -106440.97605489336      
229         -105896.96062234607      
238         -112047.98039377006      
237         -111063.59020270525      
228         -103862.09862759194      
227         -104168.25552888258      
234         -108444.22423243063      
227         -103769.50264018356      
235         -109475.32112719837      
234         -108859.71657306844      
236         -110789.95632979731      
243         -116442.61737372258      
234         -109790.54976378678      
231         -106610.22019324274      
228         -105578.97011856989      
226         -104418.96331583768      
226         -104802.43647294352      
228         -106268.52143446036      
234         -111231.17519987699      
240         -113677.09888688244      
237         -112374.91000245305      
238         -113422.96220997706      
239         -115036.0021991923       
234         -111234.940744899        
237         -112970.01167453922      
242         -114874.03657008713      
245         -120740.40507463439      
247         -121930.74176004608      
244         -119257.43009255086      
241         -117064.99036080689      
250         -124497.27493197053      
248         -123408.98767825698      
247         -123004.44221378023      
250         -124366.50030899889      
249         -123142.13620980603      
255         -128624.27458683109      
252         -126018.21751228388      
248         -122666.75487248956      
241         -117674.00896938064      
247         -122687.15261083399      
250         -125930.31883744751      
246         -121623.45805086337      
242         -119752.5244881737       
243         -121000.83542430607      
247         -123150.36758913417      
246         -122369.95313170087      
250         -126625.21825155371      
253         -127130.17165407252      
249         -125444.52869076002      
248         -123480.39039518182      
247         -122492.00787510505      
247         -122672.2042773599       
245         -121246.13225879351      
244         -120334.69904970577      
244         -119838.51257843968      
240         -115449.08519057126      
243         -115780.18726382419      
239         -113159.37241645312      
239         -112053.65768964781      
238         -111441.98821274306      
239         -113181.67161952474      
237         -111770.28050273482      
238         -112839.96470886962      
241         -115482.57365414461      
244         -118796.97271805478      
248         -123307.71622036352      
243         -117881.13425673993      
236         -111847.39346222117      
242         -116407.26708194656      
244         -116959.29182712406      
241         -115323.31688237072      
243         -117128.55230260278      
244         -118479.02344299179      
234         -109113.24032271611      
246         -119533.46751559063      
248         -121964.49242814856      
245         -118774.62024566196      
236         -111480.36263360435      
234         -110003.19326328502      
235         -109336.11928814395      
238         -109842.51757853477      
239         -110496.49011051859      
237         -108118.89840773359      
237         -110042.45538987774      
229         -104736.38555214148      
232         -106188.95164666         
233         -107895.61110631266      
232         -108749.64862911946      
234         -111079.57148598215      
239         -114030.56743869997      
243         -117050.76437703916      
239         -114590.00343221836      
234         -109548.21834484732      
236         -110304.74355409281      
243         -115658.08585288018      
241         -114079.63095667869      
245         -117832.31245890501      
246         -117540.62959312444      
242         -115887.14343360309      
236         -110669.88840052842      
235         -110874.07359158243      
236         -111509.60066054632      
231         -107563.90168063247      
226         -103278.24797213264      
224         -101138.15469418271      
225         -101372.43686582166      
221         -98444.463424298257      
215         -94575.871728940212      
217         -94527.778354520808      
225         -102182.71342023113      
222         -98730.039940917806      
225         -100043.34139684086      
223         -98662.442434775847      
222         -99217.981283464032      
229         -105094.73849294071      
229         -105358.6550349903       
228         -105740.20983494938      
230         -107715.66359256246      
237         -112405.31413306312      
247         -120779.34073288715      
245         -117854.28767070854      
245         -117455.72681584573      
235         -109545.84431408437      
247         -118697.21260595587      
247         -120929.06718618982      
247         -120268.11820614929      
245         -117906.24399074946      
245         -119061.30284810245      
247         -120370.42851464015      
253         -125256.79094784455      
251         -123537.56762162896      
247         -122337.25291701368      
243         -118641.49648139054      
243         -118441.98672264327      
247         -120408.91423623782      
247         -121234.89100224685      
247         -122500.2306319855       
238         -116185.08203979276      
240         -116662.37056713457      
239         -115662.34298172762      
248         -122487.01941943562      
251         -126936.96354534493      
249         -125378.35699991498      
254         -128277.05044239272      
248         -124458.79879809078      
248         -123592.16043887747      
250         -125558.82173985853      
254         -129289.27802581656      
253         -128891.28962190264      
252         -129114.04263182693      
258         -134146.7752947936       
263         -136809.93144777775      
265         -137730.74029501574      
266         -137889.59356145049      
263         -134581.65206206829      
263         -133500.28216488921      
254         -126959.19434299463      
248         -123515.82178031576      
247         -123617.55220357033      
251         -126504.81499052097      
254         -130353.06574604982      
250         -126486.55081397131      
247         -123976.09762946892      
250         -125420.85242070084      
246         -122098.2558893362       
238         -114551.28248199895      
238         -114581.84188625147      
245         -117761.52859219575      
247         -119198.41491227846      
247         -118306.63858470121      
242         -116643.77824970527      
245         -119355.41313209962      
242         -117261.64559023733      
241         -117909.68240939421      
235         -113268.9896013156       
236         -112488.25252020564      
239         -112646.01141305669      
235         -111266.73331763661      
246         -120943.20640523903      
246         -120485.73526981013      
247         -120995.75617095239      
244         -117681.56399315737      
239         -114151.28987534848      
240         -114542.23739790426      
246         -119799.32827519647      
251         -123628.28165855512      
252         -124742.09731916735      
251         -124025.47100052072      
243         -118124.16852002284      
249         -123622.22638842869      
242         -118470.21403094081      
245         -120060.72112149169      
250         -125180.57365667015      
247         -121383.84665704721      
246         -121107.9036467431       
247         -122156.70841309981      
250         -125932.16976912873      
252         -127142.02271591645      
250         -125807.0382365304       
247         -124204.3536532579       
249         -124764.44866319776      
253         -128139.73418761836      
257         -131661.35769644449      
250         -127332.00045846727      
251         -125893.0701334959       
249         -125155.87142750301      
245         -121789.9324694516       
251         -125900.84521666873      
246         -121635.24804020586      
246         -122346.1884578          
249         -125085.87136746472      
256         -132720.21099037846      
257         -132093.57027104279      
260         -134751.97551171851      
258         -132444.80697611431      
256         -131042.00401498997      
253         -128769.57006760919      
255         -129490.66367469241      
253         -127963.11684341246      
250         -126246.42265330839      
247         -124130.27695244478      
246         -121895.47388421799      
246         -123683.57475965947      
246         -120957.03574993218      
242         -118724.28348847949      
242         -118499.74183417027      
241         -116160.40222529251      
242         -116755.01711412672      
244         -117024.47196483218      
236         -110530.02333825236      
239         -113905.00075588949      
237         -112192.3903151312       
237         -112070.79198570699      
234         -110703.78084295652      
234         -109419.19037331172      
233         -107380.47716189473      
230         -104611.67743965397      
221         -97600.97022898875       
223         -100039.37985442934      
229         -103745.4350604248       
218         -96235.962371662696      
222         -100126.90687078772      
229         -105695.6015647945       
224         -101174.40850420487      
231         -107228.17937107271      
234         -108039.78084623303      
240         -115070.70864483141      
242         -115177.14870071733      
233         -108399.98175154375      
226         -101995.48910935804      
227         -103234.29322600464      
223         -101076.55303773575      
228         -103960.81099127512      
227         -102404.884829478        
222         -98162.711986615352      
223         -98213.99823393175       
228         -102104.09725157761      
232         -105908.47096235523      
234         -107839.84559719259      
235         -107224.8357946184       
235         -106571.27217136839      
236         -107820.41776167107      
238         -109954.68796790438      
234         -106712.02846005549      
228         -100484.40486541882      
228         -100636.5458779543       
230         -103888.01449657441      
236         -108187.25744106037      
235         -109455.55765265322      
241         -115478.45749671696      
244         -117568.91642831356      
239         -114280.77744330873      
238         -113147.20160480548      
242         -115052.21240608684      
245         -117263.02085783734      
236         -110447.44365869438      
230         -105997.49111086004      
228         -105773.8354783424       
238         -111896.39091684661      
238         -111625.07803007291      
237         -112018.98132338712      
234         -110011.3158851628       
242         -118024.15380566203      
250         -123283.69659967948      
246         -118859.83365992812      
249         -122329.76884235244      
246         -120701.17591531525      
249         -123504.98742357883      
250         -124925.02581653061      
249         -125284.30495883906      
258         -132056.46898927927      
257         -131851.07859478352      
259         -133398.57035796685      
258         -132636.84433634634      
256         -130158.44696191791      
258         -132976.10226033942      
257         -133939.55028075445      
255         -132263.23840000478      
254         -131289.32852096064      
257         -133513.01746982025      
251         -127864.36981020679      
251         -127883.05642700953      
257         -133955.29665266344      
259         -135163.16547116105      
254         -131533.27007793603      
250         -126467.96013592047      
241         -117745.3005867672       
241         -117421.17800688116      
244         -120243.59151992068      
241         -116817.49902346711      
238         -114864.35089502513      
243         -118173.44312963         
245         -119776.03246802191      
247         -122590.32194752053      
244         -119776.12149463664      
242         -117736.21891237117      
240         -114609.74683169628      
232         -108737.20929343958      
236         -113551.65691591476      
232         -108905.89540190584      
235         -110545.04442528791      
234         -108254.42729474998      
235         -110023.86140044071      
227         -104468.59613491611      
225         -102951.45858804235      
228         -104452.44667383454      
229         -105746.25406950881      
229         -106881.19812124252      
229         -103860.95936532189      
237         -109929.22951071545      
236         -111606.89742753231      
235         -110817.0007372808       
230         -107083.56098718737      
229         -106871.14194645654      
234         -108828.89372297302      
232         -106743.31360573713      
231         -106344.56063936987      
225         -99641.941163787953      
219         -93989.91412496868       
211         -88156.89016830227       
218         -93028.29043787875       
223         -98196.975575478515      
224         -98745.023331732169      
227         -100370.29881689411      
221         -97339.360200084746      
219         -96359.99083813859       
217         -94791.45050968515       
222         -97472.228605672615      
229         -104093.98296960526      
227         -103411.2126409859       
228         -104548.10373938072      
230         -106682.29093847777      
230         -107079.12425863904      
237         -114581.42959360383      
237         -114953.2009054176       
231         -110027.89020918455      
227         -106585.64428902665      
233         -109417.98813801473      
226         -102535.20505148092      
230         -104700.72919558849      
233         -109163.02072241726      
230         -104571.90173910794      
230         -104164.00928032218      
225         -101738.37407983487      
231         -105591.26179639585      
219         -95368.986946778925      
220         -95402.075780563202      
218         -93207.430501373135      
216         -93751.257899550736      
212         -90467.280264041139      
208         -88113.317375867948      
214         -91242.04799751885       
217         -95593.327244455621      
210         -89935.622296247908      
222         -99223.33647654111       
226         -102006.76250214623      
232         -105698.38372634807      
236         -111076.52516127478      
229         -106227.22610903393      
232         -106875.60528421582      
230         -107114.01340273954      
230         -106481.03845278137      
221         -100115.91265125832      
219         -97812.427389081568      
220         -99247.779978265797      
227         -103330.47585110029      
230         -106308.37840740348      
233         -107315.49267307689      
231         -105932.33042283548      
231         -106738.34214223991      
230         -106937.03690360083      
233         -108864.6054103249       
225         -102567.88812459203      
223         -100337.20397846011      
225         -101315.52320697278      
229         -103538.68176311361      
230         -104742.22272239464      
235         -109664.82545839393      
236         -111244.94461195727      
234         -108414.63992194826      
237         -112306.15921822144      
237         -112577.68377122206      
232         -107921.43316036333      
226         -102607.26127333482      
225         -102332.83385442273      
225         -101406.70728600996      
232         -107374.558672948        
239         -111844.80329910284      
241         -116050.13570004         
237         -113824.19743833593      
241         -115762.30582630757      
236         -112591.88354367852      
241         -115245.99409716582      
239         -114131.49500841295      
238         -112737.42172025739      
233         -107520.42092856222      
227         -103614.85444515708      
226         -104242.68509134369      
234         -111454.13755354214      
235         -111252.80935922058      
228         -106284.9966701986       
229         -107005.92107892629      
236         -111377.97899382717      
236         -112607.00777821927      
238         -113529.24397916815      
243         -117508.71900771483      
243         -117536.70497884588      
241         -115930.87891669768      
245         -120912.58837838432      
245         -121988.45548070647      
244         -121156.59425272948      
238         -116972.38638742769      
253         -128587.72321831527      
254         -130303.29435153279      
250         -126434.48512060399      
255         -131042.30449820768      
247         -124170.7800286524       
252         -128883.6800441112       
253         -130091.11506516958      
252         -128478.85919495336      
248         -123117.55798970463      
248         -125821.15676314467      
252         -128288.19671114544      
249         -126118.17323607809      
239         -116733.39604244602      
243         -119578.60792343512      
247         -122503.56896508903      
243         -119380.8189538689       
243         -118135.17892603514      
242         -116306.27624718295      
246         -119607.16938965708      
241         -117602.41272537048      
233         -112546.25411765165      
238         -115234.6117609638       
239         -118295.36324182889      
234         -113756.37448787324      
228         -108914.43606650783      
230         -109335.82902267878      
235         -113242.82529578853      
233         -111611.7485952101       
235         -112885.00581770207      
233         -110189.47142047287      
227         -104789.96130316936      
230         -107830.13678292809      
233         -109972.80052501934      
236         -110328.0237542446       
231         -108111.91897458052      
228         -105164.8633355999       
230         -107024.16003533965      
230         -107092.64030615435      
236         -111758.99454606448      
233         -109421.72386363088      
233         -109882.23497177345      
240         -116757.17630206287      
240         -115739.77173926865      
235         -112757.16369151008      
239         -114114.77100118474      
238         -112420.32791324136      
232         -108172.38421204843      
230         -105815.10267312617      
230         -105614.35358009124      
223         -98676.591115869291      
222         -99234.112293773607      
235         -110057.47321965302      
228         -104282.94388084102      
225         -102892.26155125388      
232         -108043.89623029913      
226         -105148.68844891457      
240         -113736.43192489343      
244         -117361.30707466771      
237         -110272.52552887324      
240         -111676.3030424304       
233         -108353.67857088777      
227         -103408.01083174846      
231         -107503.2127899383       
235         -112517.03025431505      
232         -108646.03009252134      
232         -107832.42151832544      
234         -108896.49155861985      
240         -114509.74530734128      
240         -114775.04894232631      
247         -121296.49335249201      
252         -125970.13568990186      
257         -129261.35287536492      
253         -127028.61803036388      
258         -130161.06095087422      
258         -130905.813163251        
257         -130603.82134726098      
254         -128528.40102303942      
250         -125224.23619309162      
257         -130993.92405642726      
255         -130077.51881513745      
255         -130384.04171570443      
251         -125827.83496462124      
240         -116579.50250178116      
239         -114839.60003153468      
243         -117292.88358755817      
241         -114962.58810250931      
247         -118907.7877356184       
248         -119597.71132201623      
249         -120634.84594392811      
246         -120025.05198704182      
244         -116551.81445884034      
242         -116063.20747947266      
243         -118893.06652728932      
246         -121940.56493301802      
253         -126564.51125259187      
252         -123427.37875310067      
248         -121289.82771517035      
243         -117917.16339087173      
244         -118508.95658807734      
246         -119215.08386040741      
247         -119296.53583481912      
243         -117103.94747939515      
242         -115946.98899211588      
243         -116834.76321408019      
241         -115514.15948916305      
240         -114382.64592946252      
237         -111031.80284555155      
243         -116731.69699987998      
248         -120909.70653489076      
251         -123845.36997530267      
255         -126329.0863639759       
249         -120399.16988767538      
247         -119980.49197323952      
254         -123705.53156086242      
246         -119459.57635625832      
247         -119382.78020086286      
244         -117723.07162950841      
239         -112230.71763635342      
239         -113141.48808009882      
240         -114601.93827988583      
237         -111628.75358879018      
244         -116737.97574302932      
247         -120396.69845773872      
246         -119931.4015872648       
246         -121665.08156860927      
249         -123769.92779206351      
246         -120378.60794274953      
244         -120246.11173854757      
243         -119736.27840349877      
245         -121137.83475755007      
246         -122137.88928286951      
251         -124166.06537159893      
247         -120296.8072515817       
243         -115820.65258709158      
243         -115762.057856026        
248         -119013.51830789007      
242         -114988.20318174346      
248         -119044.29846590607      
238         -112062.19527080026      
248         -119324.24552269842      
245         -117744.39790286579      
243         -115784.82672095716      
230         -106147.72361870958      
235         -111046.95355356683      
235         -110403.11107159729      
243         -118267.82839048677      
242         -117003.48754557481      
245         -118619.8762513385       
244         -118093.60643712559      
248         -121857.50624207297      
248         -121294.77875259923      
243         -115522.84758899365      
241         -115950.11626707485      
240         -114898.07101744422      
230         -107177.88799234861      
232         -109085.52961182648      
230         -107570.02488969495      
233         -107474.70630318706      
245         -117650.16532710771      
244         -117869.68979732438      
248         -122465.13941831829      
253         -125907.58526626189      
254         -127182.60863601713      
248         -121321.63794219913      
243         -117300.24471165145      
240         -115320.94188252646      
240         -113702.7915331703       
240         -112608.79976572619      
246         -118953.74440271677      
247         -118944.6409980539       
240         -114525.12211915327      
241         -115585.83544293442      
240         -114795.54017017418      
239         -112580.95563424859      
240         -112482.65601455061      
234         -107235.72159967164      
236         -109590.65646827155      
235         -108386.12205492597      
239         -112469.98228464896      
237         -112004.22201277506      
229         -104240.45643803952      
230         -105836.30804179396      
237         -111465.79514560133      
236         -111829.50406936526      
239         -113877.28256629565      
232         -107526.5747961591       
234         -109130.46196376867      
238         -111051.73829354813      
242         -115211.38925398512      
245         -118311.82081843546      
244         -116943.30015023812      
241         -113761.33039268196      
235         -111769.73837671636      
234         -109584.10079653654      
236         -112515.0718921134       
242         -118078.73669750833      
238         -113960.04309051875      
237         -112459.25099570747      
246         -120796.23925536453      
246         -120478.49744637092      
242         -117411.38957167439      
243         -118398.73325680381      
237         -114340.8062991667       
241         -116590.19599202537      
244         -118832.18260983184      
242         -117432.43957076868      
239         -114026.30567258314      
245         -120330.46482915978      
239         -114775.41642456647      
234         -110572.59565391313      
234         -111358.02270014497      
239         -115231.95211831661      
240         -113796.40778589937      
246         -119866.47289843753      
242         -115612.80672879179      
239         -113896.79025840512      
235         -111494.66658434166      
241         -114967.65969589002      
239         -112607.61702805985      
232         -108218.69852800907      
235         -110348.08171403974      
240         -116924.24349111933      
244         -119975.03834480255      
245         -120847.75925470202      
248         -121930.06897845386      
246         -120000.64286987312      
246         -120254.79410515564      
245         -118360.43005806021      
241         -116100.50253213719      
240         -114077.34049926516      
243         -117105.09593510244      
252         -125369.5742470781       
245         -119968.31438279236      
245         -119850.82664705026      
242         -117705.78954495079      
241         -116204.80199142398      
234         -111486.81080748032      
230         -106790.6507246875       
232         -108853.86133531577      
234         -111746.97004321961      
233         -109561.29945154009      
237         -115572.81643303302      
246         -121496.34472859206      
246         -121535.31482554993      
247         -121449.96799150722      
237         -113426.87506194564      
240         -116254.57223076555      
230         -106797.9471117483       
234         -108636.10484794593      
236         -110309.35124146556      
234         -109768.0790284431       
236         -110313.81593629355      
237         -109833.50962024172      
242         -116629.69423099338      
233         -108430.88194436365      
231         -108107.85931076594      
233         -110727.75210410803      
234         -111971.3551743729       
237         -115543.78354840046      
242         -119486.88473057088      
245         -121890.28199912631      
249         -125438.28860538093      
248         -124741.82929822474      
249         -126224.04401367837      
254         -129207.86875499527      
251         -126452.00309946411      
246         -122437.36961778191      
250         -125810.2862610742       
252         -127350.80225711783      
253         -128748.4554380887       
250         -125380.14581852677      
246         -121001.74465752814      
244         -119461.24975475378      
244         -120935.16798146826      
248         -123761.95578622127      
247         -122191.62850697583      
248         -121102.40269714157      
251         -124415.28151466044      
248         -122277.60417595234      
250         -124319.36457611203      
247         -120557.38084350695      
241         -115702.25203525824      
238         -113476.99606320488      
249         -123579.67979472887      
244         -119187.29347467035      
245         -121143.55510180916      
245         -119897.85317951927      
233         -111968.84680790963      
236         -114225.96219660435      
236         -113131.71434657849      
242         -118140.79380167037      
243         -117649.48398474316      
239         -115444.57752850061      
231         -107423.13085648055      
223         -101408.22416073867      
223         -101531.42498985512      
224         -101823.22953762271      
225         -102394.19464261828      
232         -108412.56323033295      
236         -112521.20060275617      
236         -111093.93603417298      
239         -113366.75801282385      
236         -110821.4889830389       
236         -111015.97965345297      
245         -118847.55899311331      
239         -115172.02223940499      
238         -115174.46290700517      
250         -126102.46677559575      
245         -121628.2945412207       
252         -126768.48265433374      
256         -130073.07708972135      
251         -126085.37863773425      
255         -129752.83439881429      
257         -132789.07881808211      
254         -129737.10474914673      
250         -125308.46926162778      
246         -121002.11647536038      
247         -121801.3075412511       
247         -121735.88876435472      
240         -116428.94923928274      
241         -116998.83905813479      
235         -111668.20730902215      
239         -114337.18699453058      
237         -110979.30354594144      
236         -110146.45144169076      
236         -112429.12347299012      
235         -110838.45363580775      
237         -113286.75589024062      
240         -115776.41733315753      
241         -116932.25035652064      
242         -117245.84439296715      
234         -109532.2506705194       
235         -111467.18977084862      
235         -111103.20494651819      
237         -111366.36742690776      
234         -110020.88927905829      
241         -116487.05380134167      
241         -114642.28776434121      
251         -122329.0079353043       
253         -122774.41727374963      
246         -117208.54650171506      
246         -119391.19376843692      
245         -118404.16048104114      
251         -122969.82901038305      
237         -111029.54444613062      
239         -112618.27261594354      
235         -110585.37222279323      
228         -104758.99476788678      
235         -110765.6277166436       
242         -116624.27068161417      
243         -117970.90882343026      
245         -117899.61563493537      
237         -111425.16061939833      
239         -113386.6404121813       
234         -109257.41270993352      
231         -108157.54619120144      
237         -111897.69376292109      
242         -117603.24214852735      
243         -117536.17183212502      
240         -114440.12599490865      
238         -112436.56359643179      
235         -110997.19694065645      
237         -114241.01543920553      
229         -107524.67793893316      
231         -110123.84225826299      
237         -113063.01394985436      
246         -120868.31673698728      
250         -124709.00029841703      
246         -122318.41789096556      
250         -124516.23331449389      
244         -118961.77491325469      
244         -119178.76677090085      
247         -121238.40511713389      
243         -118127.75625641529      
250         -124602.42190805334      
246         -121552.61341303069      
249         -124027.9423518055       
248         -122871.28688658807      
253         -126697.19604961785      
254         -127218.90623347744      
257         -130339.24268409953      
252         -126529.6683667176       
251         -125555.24220505774      
254         -128414.72686483015      
254         -128682.40647912039      
256         -129634.10739685819      
251         -125469.08167593846      
252         -126691.48432679226      
260         -132468.50247020597      
252         -125766.45985354499      
244         -118744.5261363133       
249         -123263.52708912789      
251         -124084.84973642089      
253         -126530.20976581746      
252         -125779.44130633232      
251         -126016.96564438469      
244         -120659.54338473629      
239         -117028.13795725335      
246         -120934.78779639222      
244         -119434.49033995206      
250         -124847.85441638286      
250         -124049.39647191024      
248         -120757.55112805981      
248         -120794.19010715952      
246         -119725.39784404024      
248         -121587.46850426146      
241         -114803.19120780472      
242         -116398.68602022102      
243         -116182.97663708535      
246         -119387.90325302194      
243         -117410.57717037413      
244         -118993.41508928586      
242         -117841.21952799664      
241         -117257.28268067124      
239         -116620.59806698796      
238         -115098.6814340241       
240         -116655.07950863618      
243         -118363.30331208135      
234         -110239.73203559467      
234         -109959.5680389863       
235         -111488.34377194295      
231         -108863.05585402845      
231         -109645.77428715779      
239         -114594.5925333052       
241         -115748.20266157108      
246         -119853.50158219429      
242         -117464.46615120694      
242         -117153.32478509156      
234         -110561.85561980458      
245         -120344.65126131964      
238         -113236.62783449941      
245         -119786.76254530328      
244         -118808.52193087229      
240         -115782.67116104094      
244         -119442.10414490229      
241         -117664.7851972012       
243         -119352.40640605587      
235         -113020.11488316704      
243         -118124.37984985959      
246         -120436.03192182204      
244         -120088.09007269326      
243         -118447.25842824722      
249         -122644.01734754644      
248         -120179.10277413444      
244         -117416.10811038229      
243         -117446.33440251293      
239         -115310.46625542192      
244         -116507.06509480388      
249         -123455.56183267514      
244         -118909.37446341541      
236         -110091.37994192826      
232         -107873.77267216438      
240         -113612.33881727656      
239         -114675.93845280199      
240         -116501.30391007391      
238         -115819.63384874735      
248         -124324.11072395621      
248         -123954.46983772016      
246         -121368.75670816057      
248         -121729.89678674709      
246         -120188.4895048249       
247         -119429.70590500708      
247         -119990.2435490685       
245         -117840.78229402773      
237         -111130.16666241389      
235         -109321.88296369265      
226         -104599.93108153276      
237         -112098.47503915093      
238         -112665.09407160917      
240         -116002.54145259933      
241         -115439.38361010933      
234         -109861.57917843827      
230         -105706.66852560236      
246         -119796.34065433516      
247         -121051.64063081423      
251         -124118.14920528739      
248         -122842.0730714027       
250         -123915.8150599036       
254         -128535.72341069749      
254         -127727.65144919715      
256         -128943.66957468091      
251         -124987.8369049043       
253         -127203.29069472708      
251         -125147.21440366998      
243         -118823.35997493668      
240         -117429.02420312335      
236         -113601.5994954971       
229         -106601.93231388426      
239         -113848.8568137385       
227         -104669.35793973367      
234         -109229.88176962489      
237         -113104.20629015451      
237         -113217.13687409378      
237         -113244.01411013881      
237         -114329.09246135413      
238         -114764.13291650933      
240         -116811.72595798489      
243         -120673.99766212518      
240         -118041.59131950882      
245         -120054.83193084276      
244         -120131.90770614179      
247         -123865.87336870418      
245         -121932.00923677154      
242         -117989.6555590941       
243         -118328.56836452991      
241         -117183.77567144041      
236         -113646.34374486528      
243         -117552.34215865172      
242         -118893.2772010129       
245         -121635.26660890212      
246         -121898.99629983882      
244         -119443.30371709006      
245         -121354.79022547622      
243         -120346.19303777398      
245         -122142.56407841266      
242         -120509.21060737896      
252         -126897.59248070355      
246         -121092.30379742238      
244         -119422.44682565411      
246         -119809.08378431483      
245         -117301.23285351152      
248         -121153.88885578779      
245         -118046.99273705644      
238         -112227.73447141198      
244         -118774.78889395378      
245         -120407.5574131223       
245         -120385.36249966845      
246         -121146.06023124994      
252         -125434.12738908525      
250         -125393.81600970996      
256         -132454.66027198153      
259         -134019.41949348646      
255         -130491.65965696683      
255         -129968.99868419372      
258         -134129.84845075588      
256         -132496.94049777844      
258         -134931.97016054238      
258         -133458.05910317914      
247         -125006.68709132365      
243         -121759.19098658647      
251         -128249.52526858845      
255         -132657.35335116443      
249         -127992.05538776053      
252         -129987.95863377924      
254         -132502.60792561522      
251         -129023.03265130387      
254         -131778.58648670453      
257         -134429.03828810345      
259         -136266.68920009627      
258         -134176.17447480818      
257         -133631.24405652797      
260         -135558.79940789565      
260         -135021.81553842692      
258         -133488.33988714774      
250         -126473.45542263199      
250         -127607.69992391148      
244         -120397.50258083895      
240         -117515.06471171258      
243         -120417.09306715043      
247         -124701.19179632004      
243         -119250.30662799816      
244         -120204.93821742538      
243         -118942.55755496587      
239         -114611.64592857007      
243         -117620.38752796358      
243         -119629.85718230788      
238         -115241.21667847966      
235         -110811.57138445014      
234         -110673.48745027391      
237         -111052.74752078834      
232         -105423.0462425273       
241         -112894.57997630903      
233         -108297.35649287893      
237         -111587.67126265381      
239         -111686.81808772389      
239         -112836.19739264596      
237         -111568.49674326341      
225         -101092.47862117499      
211         -92726.203450765795      
214         -95622.250842065841      
216         -95746.957342525915      
223         -102289.93567925398      
227         -105153.73629747695      
228         -105345.09669317593      
233         -108101.78553044052      
239         -113342.08579112761      
234         -109398.15939104192      
236         -109999.17542731439      
232         -106946.22841299187      
236         -111203.64204069271      
235         -109619.4661326682       
229         -104705.85422989599      
237         -111387.39373918706      
240         -114724.49639337684      
244         -118836.32435178455      
247         -121829.29984572633      
246         -120548.06132236567      
247         -122114.32064854003      
250         -123045.21298142849      
256         -129969.3203853881       
251         -126248.49534735094      
249         -125564.19730184226      
247         -121998.51852623903      
248         -122578.17928100395      
252         -125594.87276735426      
256         -130006.97936621358      
258         -131602.11576294809      
263         -136766.3778525675       
268         -141354.35008894111      
268         -140395.04128139812      
262         -137226.70098713122      
264         -138265.30530705946      
262         -137843.02083483979      
258         -133361.25164035562      
258         -133194.41023376398      
259         -134326.4530061057       
260         -136020.46821897986      
259         -134646.51517239085      
259         -132741.94938711898      
260         -133352.05564408403      
259         -133712.0350672965       
265         -137723.99442782658      
261         -133096.04803135226      
262         -133805.77898168139      
260         -132722.55515027596      
251         -127264.30442878688      
252         -129170.15383574818      
259         -134148.3573062823       
257         -129620.43540810708      
253         -127358.47018796924      
247         -121293.43593621254      
253         -125564.36444127151      
254         -126238.65176980682      
256         -128283.29486420957      
250         -123763.02970296942      
248         -121375.14680602698      
250         -121996.57960940397      
251         -122343.91930664776      
250         -121973.10692350245      
251         -122300.4650940916       
252         -124373.68069514085      
249         -120691.85745695251      
246         -119407.9747727896       
254         -126226.49102545065      
252         -125123.89696574463      
253         -126248.45805553196      
249         -122456.1749484794       
246         -120236.52852345929      
247         -121208.39277742676      
249         -122547.55773250191      
253         -126128.21223334342      
249         -123352.31624168585      
253         -126627.69731149713      
255         -129537.9419167476       
247         -120889.87856131443      
252         -126404.72707510665      
254         -128520.55273100753      
257         -130207.70283676157      
254         -125286.8583029844       
255         -128601.70356141239      
254         -127749.64486824161      
252         -127007.91818883305      
252         -125728.01219189481      
256         -129002.68227669301      
259         -131016.98290744876      
255         -128946.55546176327      
254         -128639.15581513724      
257         -130100.36028418438      
256         -129811.92227237399      
252         -126314.64504744719      
264         -137012.3334893125       
257         -131011.25493039399      
266         -137921.61634351572      
264         -135542.64629975232      
256         -128015.08694951904      
262         -133946.01242082907      
262         -135216.94401250206      
254         -128518.63639894486      
251         -127642.52682376292      
257         -132448.979943846        
252         -127697.18435899403      
257         -131442.81317390793      
256         -130526.59999766786      
250         -125490.55535952683      
246         -121881.17458322216      
247         -123295.13521446614      
244         -120300.16783969749      
239         -116913.45360711648      
241         -117558.28003005759      
242         -117158.02415325677      
240         -116201.61170926613      
234         -112360.05116561432      
234         -111772.58164597223      
244         -119158.51013980129      
240         -114284.30453243805      
231         -107431.86813586089      
235         -110711.377497686        
243         -116815.7226651677       
244         -118538.8105974909       
239         -114638.31097647734      
244         -117796.71560664724      
244         -117548.39443562645      
246         -119020.18385642431      
241         -113721.46398706689      
241         -112795.0816099106       
241         -111079.47316728614      
239         -110624.86832443182      
236         -110757.66616905807      
242         -115388.81106290106      
243         -115825.89069683383      
245         -117482.66075522894      
242         -116306.37781564056      
236         -111653.23075443067      
234         -108754.39173161201      
238         -112813.83327309294      
239         -113434.83600513168      
240         -115068.51193122783      
239         -114191.60210184415      
238         -113413.84895561273      
236         -112479.07947342409      
228         -105685.52193038141      
235         -110227.72814867875      
232         -106882.69181497621      
232         -107987.17979623532      
234         -109061.64766508179      
233         -108873.02931308524      
230         -106711.42852379328      
231         -108683.18766542671      
240         -114096.99102327139      
240         -114082.17800664571      
236         -111031.22999661858      
233         -107945.08839662671      
235         -109448.4980234309       
235         -109103.4268170242       
233         -110135.71997166275      
222         -100813.35646465597      
224         -102094.33747459576      
225         -102898.77455928012      
227         -103756.11365980584      
228         -104453.4178611745       
228         -104316.65198950516      
232         -109265.6509617394       
244         -115328.01022155628      
244         -117938.34515184525      
241         -115458.63801378869      
239         -114214.17856028775      
245         -118921.83462972446      
247         -121306.43809130843      
249         -123758.56431877236      
255         -130342.98854149223      
244         -119497.09076944111      
237         -112727.98889399026      
231         -108285.34626392479      
225         -103767.58896262986      
224         -101284.87489236979      
224         -101456.75911359314      
230         -105858.76307887307      
230         -105529.82172334164      
227         -103063.37948976252      
232         -107654.09688492875      
232         -108960.90893030813      
235         -110677.314904796        
231         -107677.95867534261      
233         -107892.1545088484       
235         -109466.08695945509      
234         -108786.3508744156       
229         -105284.51410636677      
233         -108519.24416762716      
231         -108513.51471068119      
235         -111752.11791823045      
239         -114686.22444216986      
239         -116316.11346182087      
246         -121706.86644098983      
237         -114707.68104652691      
232         -110737.30128451086      
237         -115180.30747874317      
249         -124049.84098474492      
249         -124601.46609849528      
239         -116953.8520353346       
243         -121031.591755097        
247         -122613.21891637913      
247         -122242.80313807224      
239         -114598.47494552418      
243         -116663.82926163249      
244         -120223.06174572093      
247         -122499.69451970923      
244         -122710.25694757335      
241         -119451.36264230251      
238         -116271.46855262057      
234         -112273.22779186378      
235         -113708.29878499886      
230         -109572.77173203387      
234         -112200.50431466721      
238         -115513.25865000246      
243         -118649.76644410216      
244         -120652.34915534675      
251         -126617.45092652255      
252         -128685.33022750021      
252         -129147.45872131531      
254         -129479.508029801        
249         -126917.97230510537      
256         -133023.92475948873      
254         -130508.43435442944      
242         -120354.85661197969      
248         -123595.82524046196      
252         -127130.33261658627      
257         -131758.88601057031      
259         -134589.60101887526      
258         -135589.56909197956      
260         -136551.21955121291      
260         -137160.48817386705      
257         -132611.1243413201       
257         -132835.45401865154      
261         -137840.81215625559      
261         -137202.11388335409      
263         -138167.42535609711      
264         -139247.72319328165      
264         -139237.13040603435      
263         -139556.26687095192      
262         -136976.64504094404      
258         -133296.48366440108      
257         -132061.10973537224      
253         -128966.12421041851      
253         -130053.36853134536      
258         -134603.51146558524      
257         -134225.65926140154      
255         -131780.59261316978      
257         -134452.43504295556      
253         -130862.81921690689      
260         -137058.9526633913       
258         -133123.38424842851      
251         -126274.92664060295      
247         -123760.65476113129      
245         -122187.95965436567      
246         -122821.30240176735      
251         -124940.12866810712      
256         -129328.95090113807      
253         -126152.81930201089      
241         -114124.36340503473      
248         -119239.98454131538      
240         -115055.65893761444      
238         -112066.61032992591      
240         -114387.91127641533      
244         -115361.55563279285      
244         -116052.59493218412      
236         -109628.1294084556       
240         -111875.62746302508      
236         -109624.56184135168      
241         -113112.27929685879      
238         -112060.0971645095       
235         -108080.34143041907      
239         -113087.66333718732      
238         -113839.96595825623      
236         -111347.06826714384      
242         -115237.26290203688      
240         -112990.08293393534      
242         -114461.74313123793      
243         -115161.98173828631      
241         -114694.53963921261      
239         -113030.21826850288      
239         -112875.16342520434      
234         -109514.20420897467      
234         -108479.32701343401      
235         -110279.35180487484      
229         -105017.16386313585      
225         -102866.09814571129      
222         -100562.06918797879      
227         -104435.03691984035      
225         -101422.0745550766       
233         -107311.80200837822      
240         -112378.42893198135      
239         -110647.37487548531      
240         -113765.64367000433      
239         -112482.61410148221      
236         -111635.21178688432      
241         -116664.39179415676      
240         -114397.5832279914       
242         -115884.81309373837      
233         -109879.83376767144      
243         -118297.77027370136      
240         -113414.04371579958      
241         -113887.54117564599      
232         -109039.37124223597      
231         -106420.1956417656       
229         -105121.69685647204      
229         -102975.58205024553      
232         -105602.19424692536      
239         -111379.52500294126      
237         -108031.45197280448      
235         -107685.81821706568      
239         -111628.43714397124      
243         -116697.52894246585      
247         -119091.75577517695      
237         -111525.40235091308      
240         -114554.22816731456      
236         -112007.95923103584      
227         -105586.31624655076      
228         -106589.32886197002      
231         -106790.48616270088      
228         -105680.63508049585      
240         -115798.87885701242      
247         -122895.14875049356      
247         -123993.77908497068      
247         -125267.04928055477      
251         -127136.66167644323      
251         -126485.97369933108      
254         -128898.21547012315      
254         -129918.29816571833      
259         -133083.32199279146      
252         -126438.65968979856      
254         -127528.07456711096      
248         -121910.89249663513      
246         -120763.83589675892      
248         -122135.16167019906      
243         -119734.14922281991      
248         -124643.4312501653       
249         -126141.27189701077      
248         -125610.36292301357      
241         -118159.4996680584       
241         -117836.35813020681      
237         -115502.17669451323      
243         -119595.21989950193      
239         -116625.58848817841      
241         -118312.84897954771      
241         -118366.30009491584      
243         -119589.55101284145      
234         -111754.66800024765      
238         -114477.95885523432      
241         -116604.2413840295       
241         -118330.91475381983      
242         -119154.42096902676      
247         -122509.20092319457      
246         -121711.33253957039      
234         -110825.3696639994       
238         -113383.73954711095      
237         -112139.89029851979      
239         -113041.74803892107      
243         -116469.71760885952      
241         -113988.61179034147      
244         -116698.62305392606      
241         -114216.35316467006      
240         -112786.4823491713       
241         -114303.96630646675      
239         -113295.58960196577      
238         -114272.1285259703       
243         -117395.87741275842      
242         -117995.0220233087       
236         -113241.02862932433      
235         -112501.92562918729      
243         -119360.28285164022      
240         -116632.4043684137       
242         -118974.4533372093       
233         -111506.89300945356      
242         -118241.54204186164      
240         -115630.75789242059      
236         -112693.84070580515      
246         -119347.49364537405      
243         -116958.12972527939      
245         -120176.29517236394      
245         -120658.08757693102      
254         -128469.69004216739      
252         -126446.2625015138       
253         -127301.0446105703       
247         -121324.61615091782      
245         -119749.74752736581      
246         -120214.28370334522      
246         -121364.15204937596      
246         -122072.57151108301      
237         -114964.58891700635      
238         -114771.07142324679      
245         -120422.87775050401      
249         -123229.30362905651      
256         -130377.40810647419      
260         -135273.54458157884      
258         -134352.10102616588      
252         -128426.28778967506      
247         -125045.26181611021      
256         -133109.691818833        
255         -132492.00709537193      
260         -136780.03787933904      
265         -140293.67507812398      
266         -142455.66304632358      
263         -139672.80624805679      
263         -139404.33579684497      
263         -139860.9107652698       
264         -140735.12263578631      
264         -141780.47266966107      
260         -137329.63546239253      
260         -136260.22711754136      
261         -136332.00683668192      
257         -132653.33897862479      
256         -131463.20544560908      
254         -130018.97111394498      
256         -131489.13036762684      
255         -130275.5894452082       
255         -131917.41905169803      
256         -132254.31741874071      
252         -127734.81412265658      
257         -133639.18991940154      
259         -135257.77240933615      
248         -125648.46735606504      
247         -123314.81009714307      
247         -123585.41641709299      
247         -124723.69937632029      
249         -126701.90013852026      
253         -128476.33953210776      
251         -125291.60378745833      
257         -129774.24561671403      
254         -127189.58792979782      
250         -125734.30175565909      
254         -130394.34319420882      
260         -135153.11741771825      
260         -136044.70335636585      
263         -138823.26880696625      
259         -134779.57086222994      
256         -131382.57618823758      
261         -134619.31717606343      
256         -129530.7098706393       
253         -129141.51576174967      
259         -134729.2100842605       
262         -136865.23479672428      
261         -135970.18078080943      
260         -135284.93118989293      
263         -138912.16756581431      
263         -139803.98225644187      
260         -137243.63157022704      
257         -133573.43067576096      
255         -133220.99954261177      
260         -136850.92170603533      
257         -133345.39014147865      
254         -131450.54317259739      
255         -131898.41524305753      
251         -128238.61957015278      
254         -131415.37573022113      
255         -131392.67796079692      
245         -122061.97034522695      
241         -118198.8503342589       
246         -123091.13642957168      
253         -128851.80117171742      
254         -128019.02346708075      
259         -133803.88057204403      
263         -137018.25674673129      
261         -134827.92132619477      
257         -132339.37549915083      
254         -128518.91204680923      
246         -121471.03528932226      
255         -125990.66458044171      
251         -122539.72029986072      
244         -115519.2882214593       
242         -116510.20694447389      
247         -121299.57838548462      
242         -115433.50960854247      
241         -116096.44070389806      
244         -119580.98219514961      
248         -121020.21116150488      
247         -122183.73081135578      
243         -118327.9983343538       
250         -124351.03034935509      
246         -122005.38569130836      
244         -120011.2484568926       
246         -121696.14457415651      
238         -116693.57011598426      
243         -120336.35355531242      
244         -120326.75428812344      
230         -110152.53488618575      
225         -103920.83590571284      
221         -101061.98155407612      
226         -104439.09192715248      
229         -106009.26605626756      
226         -103193.74568633008      
228         -105149.16335493053      
228         -106067.10418658356      
232         -108299.73234694886      
235         -110454.78593805237      
242         -116989.07956856747      
242         -118416.42110437407      
242         -117191.2589204954       
239         -114018.19329292528      
248         -122798.80879333458      
243         -118609.44802751104      
247         -121569.89852835379      
249         -123273.2216865518       
251         -124503.80553124701      
249         -122819.84404907891      
253         -127331.27607282829      
254         -129184.19390507691      
253         -129446.29859810682      
256         -132262.99563936252      
257         -131463.92278658409      
259         -134021.30612253456      
257         -132129.71441423893      
255         -131279.71579332187      
253         -128006.32438514607      
255         -129633.197501013        
256         -130760.03302140621      
261         -133312.18622813158      
256         -129027.88532935477      
251         -123756.89998827869      
251         -124255.20329897982      
247         -122194.83369651371      
249         -124620.02307846994      
250         -125100.47515647176      
249         -124807.12485687782      
256         -131238.13203840409      
256         -130693.78430582823      
260         -133610.12657031012      
263         -137137.40458010649      
260         -132347.60845156078      
260         -134405.09950699398      
256         -130318.81689328267      
254         -128943.69453941641      
253         -128490.65794498837      
249         -124618.40003230936      
247         -124065.89748485255      
244         -120952.89061184748      
243         -119315.1313177398       
242         -117785.63290550481      
249         -122621.07196735908      
242         -118656.34202550964      
249         -124718.60501309868      
250         -126687.9657973857       
251         -126634.83292439384      
249         -125036.02913218252      
246         -124045.24843905806      
249         -126525.5535577219       
252         -129194.57935536766      
243         -120128.10449248727      
244         -121573.57529857059      
245         -122421.29597757808      
246         -119467.82044900963      
240         -116765.26322740852      
247         -121625.40330815221      
